Florine, fhi98PP : TROULLIER-MARTINS, LDA CA PerdewWang, d-local
 9.000  7.000    021113              zatom,zion,pspdat
 6       7        2    2    477     0  pspcod,pspxc,lmax,lloc,mmax,r2well
 0.0     0.0     0.0                  rchrg, fchrg, qchrg



0.70000000000000E+01   3
  0.0000    0.0000    0.0000   0.0000
  0.0000    .00e+00   .00e+00
  0.0000    .00e+00   .00e+00
  0.0000    .00e+00   .00e+00
  0.0000    .00e+00   .00e+00
  0.0000    .00e+00   .00e+00
  0.0000    .00e+00   .00e+00
  0.0000    .00e+00   .00e+00
  0.0000    .00e+00   .00e+00
  0.0000    .00e+00   .00e+00
477  0.10247000000000E+01
   1 0.69444444444444E-03 0.12787052054370E-02 -.10316231259900E+02
   2 0.71159722222222E-03 0.13102892240113E-02 -.10316231597977E+02
   3 0.72917367361111E-03 0.13426533678444E-02 -.10316231912026E+02
   4 0.74718426334931E-03 0.13758169060302E-02 -.10316232201831E+02
   5 0.76563971465403E-03 0.14097995833719E-02 -.10316232467143E+02
   6 0.78455101560599E-03 0.14446216310916E-02 -.10316232707676E+02
   7 0.80392942569146E-03 0.14803037818050E-02 -.10316232923109E+02
   8 0.82378648250603E-03 0.15168672798768E-02 -.10316233113082E+02
   9 0.84413400862393E-03 0.15543338944516E-02 -.10316233277195E+02
  10 0.86498411863694E-03 0.15927259323625E-02 -.10316233415006E+02
  11 0.88634922636728E-03 0.16320662514103E-02 -.10316233526033E+02
  12 0.90824205225855E-03 0.16723782739715E-02 -.10316233609747E+02
  13 0.93067563094934E-03 0.17136860009427E-02 -.10316233665575E+02
  14 0.95366331903378E-03 0.17560140260289E-02 -.10316233692895E+02
  15 0.97721880301392E-03 0.17993875503848E-02 -.10316233691037E+02
  16 0.10013561074484E-02 0.18438323976180E-02 -.10316233659278E+02
  17 0.10260896033023E-02 0.18893750291618E-02 -.10316233596840E+02
  18 0.10514340165039E-02 0.19360425600288E-02 -.10316233502890E+02
  19 0.10774044367116E-02 0.19838627749526E-02 -.10316233376538E+02
  20 0.11040163262983E-02 0.20328641449284E-02 -.10316233216831E+02
  21 0.11312855295579E-02 0.20830758441621E-02 -.10316233022752E+02
  22 0.11592282821380E-02 0.21345277674381E-02 -.10316232793218E+02
  23 0.11878612207068E-02 0.21872505479153E-02 -.10316232527077E+02
  24 0.12172013928582E-02 0.22412755753630E-02 -.10316232223105E+02
  25 0.12472662672618E-02 0.22966350148475E-02 -.10316231880000E+02
  26 0.12780737440632E-02 0.23533618258790E-02 -.10316231496383E+02
  27 0.13096421655416E-02 0.24114897820322E-02 -.10316231070790E+02
  28 0.13419903270304E-02 0.24710534910509E-02 -.10316230601673E+02
  29 0.13751374881081E-02 0.25320884154491E-02 -.10316230087389E+02
  30 0.14091033840644E-02 0.25946308936208E-02 -.10316229526205E+02
  31 0.14439082376508E-02 0.26587181614706E-02 -.10316228916286E+02
  32 0.14795727711207E-02 0.27243883745788E-02 -.10316228255692E+02
  33 0.15161182185674E-02 0.27916806309135E-02 -.10316227542377E+02
  34 0.15535663385660E-02 0.28606349941036E-02 -.10316226774177E+02
  35 0.15919394271286E-02 0.29312925172855E-02 -.10316225948813E+02
  36 0.16312603309787E-02 0.30036952675398E-02 -.10316225063877E+02
  37 0.16715524611539E-02 0.30778863509301E-02 -.10316224116832E+02
  38 0.17128398069444E-02 0.31539099381603E-02 -.10316223105003E+02
  39 0.17551469501759E-02 0.32318112908653E-02 -.10316222025569E+02
  40 0.17984990798452E-02 0.33116367885507E-02 -.10316220875562E+02
  41 0.18429220071174E-02 0.33934339561966E-02 -.10316219651851E+02
  42 0.18884421806932E-02 0.34772514925441E-02 -.10316218351142E+02
  43 0.19350867025563E-02 0.35631392990785E-02 -.10316216969966E+02
  44 0.19828833441095E-02 0.36511485097287E-02 -.10316215504671E+02
  45 0.20318605627090E-02 0.37413315212989E-02 -.10316213951414E+02
  46 0.20820475186079E-02 0.38337420246522E-02 -.10316212306151E+02
  47 0.21334740923175E-02 0.39284350366621E-02 -.10316210564628E+02
  48 0.21861709023977E-02 0.40254669329542E-02 -.10316208722369E+02
  49 0.22401693236870E-02 0.41248954814542E-02 -.10316206774665E+02
  50 0.22955015059820E-02 0.42267798767646E-02 -.10316204716567E+02
  51 0.23522003931798E-02 0.43311807753888E-02 -.10316202542868E+02
  52 0.24102997428913E-02 0.44381603318247E-02 -.10316200248095E+02
  53 0.24698341465407E-02 0.45477822355483E-02 -.10316197826493E+02
  54 0.25308390499603E-02 0.46601117489096E-02 -.10316195272012E+02
  55 0.25933507744943E-02 0.47752157459628E-02 -.10316192578293E+02
  56 0.26574065386243E-02 0.48931627522549E-02 -.10316189738653E+02
  57 0.27230444801283E-02 0.50140229855950E-02 -.10316186746068E+02
  58 0.27903036787875E-02 0.51378683978288E-02 -.10316183593155E+02
  59 0.28592241796536E-02 0.52647727176430E-02 -.10316180272158E+02
  60 0.29298470168910E-02 0.53948114944260E-02 -.10316176774926E+02
  61 0.30022142382082E-02 0.55280621432081E-02 -.10316173092894E+02
  62 0.30763689298920E-02 0.56646039907111E-02 -.10316169217065E+02
  63 0.31523552424603E-02 0.58045183225318E-02 -.10316165137985E+02
  64 0.32302184169491E-02 0.59478884314887E-02 -.10316160845723E+02
  65 0.33100048118477E-02 0.60947996671599E-02 -.10316156329845E+02
  66 0.33917619307003E-02 0.62453394866417E-02 -.10316151579392E+02
  67 0.34755384503886E-02 0.63995975065573E-02 -.10316146582852E+02
  68 0.35613842501132E-02 0.65576655563468E-02 -.10316141328132E+02
  69 0.36493504410910E-02 0.67196377328696E-02 -.10316135802530E+02
  70 0.37394893969860E-02 0.68856104563512E-02 -.10316129992707E+02
  71 0.38318547850915E-02 0.70556825277080E-02 -.10316123884650E+02
  72 0.39265015982833E-02 0.72299551872822E-02 -.10316117463644E+02
  73 0.40234861877609E-02 0.74085321750235E-02 -.10316110714232E+02
  74 0.41228662965986E-02 0.75915197921513E-02 -.10316103620184E+02
  75 0.42247010941246E-02 0.77790269643335E-02 -.10316096164452E+02
  76 0.43290512111494E-02 0.79711653064202E-02 -.10316088329136E+02
  77 0.44359787760648E-02 0.81680491887691E-02 -.10316080095437E+02
  78 0.45455474518336E-02 0.83697958052020E-02 -.10316071443613E+02
  79 0.46578224738939E-02 0.85765252426313E-02 -.10316062352933E+02
  80 0.47728706889991E-02 0.87883605523982E-02 -.10316052801628E+02
  81 0.48907605950174E-02 0.90054278233639E-02 -.10316042766840E+02
  82 0.50115623817143E-02 0.92278562567957E-02 -.10316032224564E+02
  83 0.51353479725427E-02 0.94557782430922E-02 -.10316021149598E+02
  84 0.52621910674645E-02 0.96893294403930E-02 -.10316009515475E+02
  85 0.53921671868308E-02 0.99286488551163E-02 -.10315997294409E+02
  86 0.55253537163456E-02 0.10173878924474E-01 -.10315984457221E+02
  87 0.56618299531393E-02 0.10425165601009E-01 -.10315970973277E+02
  88 0.58016771529818E-02 0.10682658439208E-01 -.10315956810412E+02
  89 0.59449785786605E-02 0.10946510684231E-01 -.10315941934852E+02
  90 0.60918195495534E-02 0.11216879362824E-01 -.10315926311140E+02
  91 0.62422874924274E-02 0.11493925376451E-01 -.10315909902049E+02
  92 0.63964719934903E-02 0.11777813596705E-01 -.10315892668493E+02
  93 0.65544648517295E-02 0.12068712963061E-01 -.10315874569437E+02
  94 0.67163601335673E-02 0.12366796583009E-01 -.10315855561800E+02
  95 0.68822542288664E-02 0.12672241834647E-01 -.10315835600353E+02
  96 0.70522459083194E-02 0.12985230471768E-01 -.10315814637613E+02
  97 0.72264363822548E-02 0.13305948731523E-01 -.10315792623732E+02
  98 0.74049293608965E-02 0.13634587444704E-01 -.10315769506379E+02
  99 0.75878311161107E-02 0.13971342148725E-01 -.10315745230616E+02
 100 0.77752505446786E-02 0.14316413203342E-01 -.10315719738774E+02
 101 0.79672992331322E-02 0.14670005909211E-01 -.10315692970312E+02
 102 0.81640915241905E-02 0.15032330629316E-01 -.10315664861678E+02
 103 0.83657445848381E-02 0.15403602913356E-01 -.10315635346161E+02
 104 0.85723784760836E-02 0.15784043625155E-01 -.10315604353736E+02
 105 0.87841162244428E-02 0.16173879073165E-01 -.10315571810895E+02
 106 0.90010838951866E-02 0.16573341144137E-01 -.10315537640483E+02
 107 0.92234106673977E-02 0.16982667440025E-01 -.10315501761514E+02
 108 0.94512289108824E-02 0.17402101418218E-01 -.10315464088984E+02
 109 0.96846742649812E-02 0.17831892535147E-01 -.10315424533671E+02
 110 0.99238857193262E-02 0.18272296393379E-01 -.10315383001934E+02
 111 0.10169005696594E-01 0.18723574892251E-01 -.10315339395487E+02
 112 0.10420180137299E-01 0.19185996382140E-01 -.10315293611181E+02
 113 0.10677558586691E-01 0.19659835822442E-01 -.10315245540759E+02
 114 0.10941294283782E-01 0.20145374943363E-01 -.10315195070610E+02
 115 0.11211544252591E-01 0.20642902411575E-01 -.10315142081504E+02
 116 0.11488469395630E-01 0.21152713999869E-01 -.10315086448322E+02
 117 0.11772234589702E-01 0.21675112760845E-01 -.10315028039765E+02
 118 0.12063008784068E-01 0.22210409204776E-01 -.10314966718056E+02
 119 0.12360965101035E-01 0.22758921481700E-01 -.10314902338623E+02
 120 0.12666280939030E-01 0.23320975567860E-01 -.10314834749772E+02
 121 0.12979138078224E-01 0.23896905456572E-01 -.10314763792336E+02
 122 0.13299722788756E-01 0.24487053353626E-01 -.10314689299322E+02
 123 0.13628225941639E-01 0.25091769877311E-01 -.10314611095525E+02
 124 0.13964843122397E-01 0.25711414263166E-01 -.10314528997135E+02
 125 0.14309774747520E-01 0.26346354573564E-01 -.10314442811325E+02
 126 0.14663226183784E-01 0.26996967912214E-01 -.10314352335813E+02
 127 0.15025407870524E-01 0.27663640643707E-01 -.10314257358414E+02
 128 0.15396535444925E-01 0.28346768618185E-01 -.10314157656561E+02
 129 0.15776829870415E-01 0.29046757401263E-01 -.10314052996813E+02
 130 0.16166517568214E-01 0.29764022509287E-01 -.10313943134335E+02
 131 0.16565830552149E-01 0.30498989650050E-01 -.10313827812358E+02
 132 0.16975006566787E-01 0.31252094969072E-01 -.10313706761614E+02
 133 0.17394289228987E-01 0.32023785301543E-01 -.10313579699744E+02
 134 0.17823928172943E-01 0.32814518430047E-01 -.10313446330681E+02
 135 0.18264179198815E-01 0.33624763348173E-01 -.10313306344010E+02
 136 0.18715304425025E-01 0.34455000530123E-01 -.10313159414290E+02
 137 0.19177572444324E-01 0.35305722206420E-01 -.10313005200360E+02
 138 0.19651258483698E-01 0.36177432645833E-01 -.10312843344603E+02
 139 0.20136644568246E-01 0.37070648443626E-01 -.10312673472186E+02
 140 0.20634019689081E-01 0.37985898816229E-01 -.10312495190268E+02
 141 0.21143679975402E-01 0.38923725902450E-01 -.10312308087167E+02
 142 0.21665928870794E-01 0.39884685071327E-01 -.10312111731509E+02
 143 0.22201077313903E-01 0.40869345236723E-01 -.10311905671321E+02
 144 0.22749443923556E-01 0.41878289178766E-01 -.10311689433105E+02
 145 0.23311355188468E-01 0.42912113872231E-01 -.10311462520868E+02
 146 0.23887145661623E-01 0.43971430821971E-01 -.10311224415113E+02
 147 0.24477158159465E-01 0.45056866405466E-01 -.10310974571794E+02
 148 0.25081743966004E-01 0.46169062222610E-01 -.10310712421231E+02
 149 0.25701263041964E-01 0.47308675452792E-01 -.10310437366979E+02
 150 0.26336084239101E-01 0.48476379219366E-01 -.10310148784667E+02
 151 0.26986585519806E-01 0.49672862961584E-01 -.10309846020783E+02
 152 0.27653154182146E-01 0.50898832814047E-01 -.10309528391424E+02
 153 0.28336187090445E-01 0.52155011993754E-01 -.10309195180999E+02
 154 0.29036090911579E-01 0.53442141194773E-01 -.10308845640894E+02
 155 0.29753282357095E-01 0.54760978990611E-01 -.10308478988086E+02
 156 0.30488188431315E-01 0.56112302244284E-01 -.10308094403722E+02
 157 0.31241246685568E-01 0.57496906526132E-01 -.10307691031646E+02
 158 0.32012905478702E-01 0.58915606539377E-01 -.10307267976889E+02
 159 0.32803624244026E-01 0.60369236553419E-01 -.10306824304115E+02
 160 0.33613873762853E-01 0.61858650844865E-01 -.10306359036026E+02
 161 0.34444136444796E-01 0.63384724146240E-01 -.10305871151723E+02
 162 0.35294906614982E-01 0.64948352102335E-01 -.10305359585034E+02
 163 0.36166690808372E-01 0.66550451734119E-01 -.10304823222797E+02
 164 0.37060008071339E-01 0.68191961910125E-01 -.10304260903115E+02
 165 0.37975390270701E-01 0.69873843825178E-01 -.10303671413576E+02
 166 0.38913382410387E-01 0.71597081486344E-01 -.10303053489439E+02
 167 0.39874542955924E-01 0.73362682205907E-01 -.10302405811801E+02
 168 0.40859444166935E-01 0.75171677101183E-01 -.10301727005734E+02
 169 0.41868672437859E-01 0.77025121600943E-01 -.10301015638412E+02
 170 0.42902828647074E-01 0.78924095958150E-01 -.10300270217221E+02
 171 0.43962528514657E-01 0.80869705768724E-01 -.10299489187858E+02
 172 0.45048402968969E-01 0.82863082495966E-01 -.10298670932442E+02
 173 0.46161098522302E-01 0.84905384000246E-01 -.10297813767619E+02
 174 0.47301277655803E-01 0.86997795073499E-01 -.10296915942689E+02
 175 0.48469619213901E-01 0.89141527978028E-01 -.10295975637757E+02
 176 0.49666818808485E-01 0.91337822989041E-01 -.10294990961913E+02
 177 0.50893589233054E-01 0.93587948940298E-01 -.10293959951461E+02
 178 0.52150660887111E-01 0.95893203772166E-01 -.10292880568202E+02
 179 0.53438782211022E-01 0.98254915081293E-01 -.10291750697787E+02
 180 0.54758720131634E-01 0.10067444067107E+00 -.10290568148148E+02
 181 0.56111260518886E-01 0.10315316910188E+00 -.10289330648033E+02
 182 0.57497208653702E-01 0.10569252024018E+00 -.10288035845647E+02
 183 0.58917389707449E-01 0.10829394580516E+00 -.10286681307426E+02
 184 0.60372649233223E-01 0.11095892991179E+00 -.10285264516963E+02
 185 0.61863853669283E-01 0.11368898960884E+00 -.10283782874090E+02
 186 0.63391890854915E-01 0.11648567541043E+00 -.10282233694159E+02
 187 0.64957670559031E-01 0.11935057181930E+00 -.10280614207529E+02
 188 0.66562125021839E-01 0.12228529784017E+00 -.10278921559274E+02
 189 0.68206209509879E-01 0.12529150748107E+00 -.10277152809161E+02
 190 0.69890902884772E-01 0.12837089024061E+00 -.10275304931896E+02
 191 0.71617208186026E-01 0.13152517157874E+00 -.10273374817680E+02
 192 0.73386153228221E-01 0.13475611336851E+00 -.10271359273089E+02
 193 0.75198791212958E-01 0.13806551432601E+00 -.10269255022315E+02
 194 0.77056201355918E-01 0.14145521041552E+00 -.10267058708791E+02
 195 0.78959489529410E-01 0.14492707522652E+00 -.10264766897221E+02
 196 0.80909788920786E-01 0.14848302031911E+00 -.10262376076055E+02
 197 0.82908260707129E-01 0.15212499553379E+00 -.10259882660428E+02
 198 0.84956094746595E-01 0.15585498926161E+00 -.10257282995585E+02
 199 0.87054510286836E-01 0.15967502866999E+00 -.10254573360836E+02
 200 0.89204756690921E-01 0.16358717987939E+00 -.10251749974046E+02
 201 0.91408114181187E-01 0.16759354808537E+00 -.10248808996708E+02
 202 0.93665894601462E-01 0.17169627762039E+00 -.10245746539592E+02
 203 0.95979442198118E-01 0.17589755194902E+00 -.10242558669028E+02
 204 0.98350134420412E-01 0.18019959358973E+00 -.10239241413814E+02
 205 0.10077938274060E+00 0.18460466395614E+00 -.10235790772781E+02
 206 0.10326863349429E+00 0.18911506310947E+00 -.10232202723031E+02
 207 0.10581936874160E+00 0.19373312941402E+00 -.10228473228853E+02
 208 0.10843310714952E+00 0.19846123908601E+00 -.10224598251339E+02
 209 0.11111140489611E+00 0.20330180562610E+00 -.10220573758696E+02
 210 0.11385585659704E+00 0.20825727912453E+00 -.10216395737263E+02
 211 0.11666809625499E+00 0.21333014542726E+00 -.10212060203237E+02
 212 0.11954979823249E+00 0.21852292515051E+00 -.10207563215098E+02
 213 0.12250267824883E+00 0.22383817252990E+00 -.10202900886727E+02
 214 0.12552849440158E+00 0.22927847408953E+00 -.10198069401208E+02
 215 0.12862904821329E+00 0.23484644711497E+00 -.10193065025308E+02
 216 0.13180618570416E+00 0.24054473791293E+00 -.10187884124589E+02
 217 0.13506179849106E+00 0.24637601983891E+00 -.10182523179167E+02
 218 0.13839782491378E+00 0.25234299107270E+00 -.10176978800054E+02
 219 0.14181625118916E+00 0.25844837211995E+00 -.10171247746076E+02
 220 0.14531911259353E+00 0.26469490301608E+00 -.10165326941329E+02
 221 0.14890849467459E+00 0.27108534020727E+00 -.10159213493113E+02
 222 0.15258653449305E+00 0.27762245308065E+00 -.10152904710329E+02
 223 0.15635542189503E+00 0.28430902011399E+00 -.10146398122269E+02
 224 0.16021740081584E+00 0.29114782461252E+00 -.10139691497745E+02
 225 0.16417477061599E+00 0.29814164999775E+00 -.10132782864505E+02
 226 0.16822988745020E+00 0.30529327461040E+00 -.10125670528865E+02
 227 0.17238516567022E+00 0.31260546598625E+00 -.10118353095474E+02
 228 0.17664307926228E+00 0.32008097456023E+00 -.10110829487126E+02
 229 0.18100616332005E+00 0.32772252675031E+00 -.10103098964538E+02
 230 0.18547701555406E+00 0.33553281736854E+00 -.10095161145951E+02
 231 0.19005829783824E+00 0.34351450130209E+00 -.10087016026453E+02
 232 0.19475273779485E+00 0.35167018440207E+00 -.10078663996852E+02
 233 0.19956313041838E+00 0.36000241351255E+00 -.10070105861939E+02
 234 0.20449233973972E+00 0.36851366556606E+00 -.10061342857913E+02
 235 0.20954330053129E+00 0.37720633566547E+00 -.10052376668735E+02
 236 0.21471902005441E+00 0.38608272406477E+00 -.10043209441120E+02
 237 0.22002257984975E+00 0.39514502195345E+00 -.10033843797804E+02
 238 0.22545713757204E+00 0.40439529594033E+00 -.10024282848687E+02
 239 0.23102592887007E+00 0.41383547112342E+00 -.10014530199347E+02
 240 0.23673226931316E+00 0.42346731262166E+00 -.10004589956342E+02
 241 0.24257955636520E+00 0.43329240543292E+00 -.99944667286007E+01
 242 0.24857127140742E+00 0.44331213247023E+00 -.99841656240621E+01
 243 0.25471098181118E+00 0.45352765061422E+00 -.99736922405762E+01
 244 0.26100234306192E+00 0.46393986460493E+00 -.99630526498968E+01
 245 0.26744910093555E+00 0.47454939857946E+00 -.99522533733727E+01
 246 0.27405509372866E+00 0.48535656504442E+00 -.99413013476983E+01
 247 0.28082425454375E+00 0.49636133105273E+00 -.99302038787928E+01
 248 0.28776061363098E+00 0.50756328133367E+00 -.99189685815363E+01
 249 0.29486830078767E+00 0.51896157810257E+00 -.99076033027008E+01
 250 0.30215154781712E+00 0.53055491725350E+00 -.98961160239651E+01
 251 0.30961469104821E+00 0.54234148061275E+00 -.98845147413852E+01
 252 0.31726217391710E+00 0.55431888390555E+00 -.98728073171075E+01
 253 0.32509854961285E+00 0.56648412006159E+00 -.98610012984417E+01
 254 0.33312848378829E+00 0.57883349745828E+00 -.98491036986652E+01
 255 0.34135675733786E+00 0.59136257267451E+00 -.98371207330848E+01
 256 0.34978826924410E+00 0.60406607730295E+00 -.98250575029562E+01
 257 0.35842803949443E+00 0.61693783834701E+00 -.98129176188292E+01
 258 0.36728121206995E+00 0.62997069171146E+00 -.98007027537796E+01
 259 0.37635305800807E+00 0.64315638828436E+00 -.97884121157887E+01
 260 0.38564897854087E+00 0.65648549210710E+00 -.97760418272760E+01
 261 0.39517450831083E+00 0.66994727014007E+00 -.97635841984952E+01
 262 0.40493531866611E+00 0.68352957316002E+00 -.97510268802055E+01
 263 0.41493722103716E+00 0.69721870737542E+00 -.97383518797953E+01
 264 0.42518617039678E+00 0.71099929642497E+00 -.97255344239235E+01
 265 0.43568826880558E+00 0.72485413353930E+00 -.97125416498667E+01
 266 0.44644976904508E+00 0.73876402380576E+00 -.96993311072477E+01
 267 0.45747707834049E+00 0.75270761669150E+00 -.96858490518274E+01
 268 0.46877676217550E+00 0.76666122926327E+00 -.96720285138001E+01
 269 0.48035554820124E+00 0.78059866090670E+00 -.96577871247769E+01
 270 0.49222033024181E+00 0.79449100080922E+00 -.96430246907132E+01
 271 0.50437817239878E+00 0.80830643004557E+00 -.96276205027992E+01
 272 0.51683631325703E+00 0.82201002081069E+00 -.96114303852384E+01
 273 0.52960217019448E+00 0.83556353619894E+00 -.95942834884143E+01
 274 0.54268334379828E+00 0.84892523494876E+00 -.95759788487624E+01
 275 0.55608762239010E+00 0.86204968677014E+00 -.95562817533851E+01
 276 0.56982298666313E+00 0.87488760525968E+00 -.95349199687511E+01
 277 0.58389761443371E+00 0.88738570698402E+00 -.95115799194341E+01
 278 0.59831988551023E+00 0.89948660706670E+00 -.94859029354400E+01
 279 0.61309838668233E+00 0.91112876351926E+00 -.94574817258667E+01
 280 0.62824191683338E+00 0.92224648456308E+00 -.94258572828568E+01
 281 0.64375949217917E+00 0.93277001521644E+00 -.93905164731909E+01
 282 0.65966035163599E+00 0.94262572135455E+00 -.93508906351274E+01
 283 0.67595396232140E+00 0.95173639112883E+00 -.93063555642935E+01
 284 0.69265002519074E+00 0.96002167484420E+00 -.92562333427452E+01
 285 0.70975848081295E+00 0.96739868487041E+00 -.91997965367612E+01
 286 0.72728951528903E+00 0.97378277657902E+00 -.91362753569904E+01
 287 0.74525356631667E+00 0.97908852926858E+00 -.90648684328528E+01
 288 0.76366132940469E+00 0.98323094214052E+00 -.89847578928788E+01
 289 0.78252376424099E+00 0.98612685417098E+00 -.88951294526144E+01
 290 0.80185210121774E+00 0.98769658775683E+00 -.87951981774393E+01
 291 0.82165784811782E+00 0.98786580393508E+00 -.86842404915886E+01
 292 0.84195279696633E+00 0.98656754156096E+00 -.85616328260314E+01
 293 0.86274903105140E+00 0.98374439408432E+00 -.84268970127896E+01
 294 0.88405893211837E+00 0.97935075581866E+00 -.82797521151855E+01
 295 0.90589518774169E+00 0.97335504561782E+00 -.81201718033610E+01
 296 0.92827079887891E+00 0.96574179096198E+00 -.79484456105908E+01
 297 0.95119908761122E+00 0.95651343152547E+00 -.77652414026899E+01
 298 0.97469370507522E+00 0.94569168093975E+00 -.75716651161513E+01
 299 0.99876863959057E+00 0.93331827195115E+00 -.73693122092236E+01
 300 0.10234382249885E+01 0.91945490746375E+00 -.71603032288824E+01
 301 0.10487171491457E+01 0.90418225271534E+00 -.69472932700651E+01
 302 0.10746204627296E+01 0.88759783754569E+00 -.67334416369352E+01
 303 0.11011635881590E+01 0.86981279903656E+00 -.65223233063498E+01
 304 0.11283623287865E+01 0.85094749230219E+00 -.63177572400202E+01
 305 0.11562328783075E+01 0.83112614266117E+00 -.61235173671194E+01
 306 0.11847918304017E+01 0.81047092274813E+00 -.59428791472405E+01
 307 0.12140561886127E+01 0.78909613783530E+00 -.57779369786894E+01
 308 0.12440433764714E+01 0.76710362623560E+00 -.56286045863482E+01
 309 0.12747712478702E+01 0.74458077210639E+00 -.54911818423251E+01
 310 0.13062580976926E+01 0.72160424296407E+00 -.53588188318954E+01
 311 0.13385226727056E+01 0.69824793790165E+00 -.52296464401660E+01
 312 0.13715841827215E+01 0.67458509348890E+00 -.51035877399103E+01
 313 0.14054623120347E+01 0.65068831194133E+00 -.49805676637800E+01
 314 0.14401772311420E+01 0.62662924652556E+00 -.48605129578871E+01
 315 0.14757496087512E+01 0.60247829826961E+00 -.47433521369275E+01
 316 0.15122006240873E+01 0.57830432527462E+00 -.46290154407075E+01
 317 0.15495519795023E+01 0.55417436580523E+00 -.45174347919534E+01
 318 0.15878259133960E+01 0.53015337622398E+00 -.44085437553156E+01
 319 0.16270452134569E+01 0.50630398473370E+00 -.43022774974865E+01
 320 0.16672332302292E+01 0.48268626179843E+00 -.41985727483736E+01
 321 0.17084138910159E+01 0.45935750802994E+00 -.40973677632738E+01
 322 0.17506117141240E+01 0.43637206025108E+00 -.39986022860051E+01
 323 0.17938518234629E+01 0.41378111637809E+00 -.39022175129606E+01
 324 0.18381599635024E+01 0.39163257970004E+00 -.38081560580507E+01
 325 0.18835625146009E+01 0.36997092307274E+00 -.37163619185051E+01
 326 0.19300865087115E+01 0.34883707348399E+00 -.36267804415100E+01
 327 0.19777596454767E+01 0.32826831738547E+00 -.35393582916559E+01
 328 0.20266103087200E+01 0.30829822712075E+00 -.34540434191746E+01
 329 0.20766675833454E+01 0.28895660870705E+00 -.33707850289447E+01
 330 0.21279612726540E+01 0.27026947114852E+00 -.32895335502456E+01
 331 0.21805219160886E+01 0.25225901736846E+00 -.32102406072425E+01
 332 0.22343808074159E+01 0.23494365674726E+00 -.31328589901828E+01
 333 0.22895700133591E+01 0.21833803913900E+00 -.30573426272877E+01
 334 0.23461223926891E+01 0.20245311011440E+00 -.29836465573213E+01
 335 0.24040716157885E+01 0.18729618703942E+00 -.29117269028213E+01
 336 0.24634521846985E+01 0.17287105544991E+00 -.28415408439750E+01
 337 0.25242994536605E+01 0.15917808502324E+00 -.27730465931248E+01
 338 0.25866496501660E+01 0.14621436428071E+00 -.27062033698885E+01
 339 0.26505398965251E+01 0.13397385298249E+00 -.26409713768795E+01
 340 0.27160082319692E+01 0.12244755100163E+00 -.25773117760120E+01
 341 0.27830936352989E+01 0.11162368229076E+00 -.25151866653772E+01
 342 0.28518360480907E+01 0.10148789238665E+00 -.24545590566772E+01
 343 0.29222763984786E+01 0.92023457738438E-01 -.23953928532031E+01
 344 0.29944566255210E+01 0.83211504999846E-01 -.23376528283430E+01
 345 0.30684197041714E+01 0.75031238296560E-01 -.22813046046092E+01
 346 0.31442096708644E+01 0.67460172373200E-01 -.22263146331699E+01
 347 0.32218716497348E+01 0.60474369441661E-01 -.21726501738752E+01
 348 0.33014518794832E+01 0.54048677498620E-01 -.21202792757638E+01
 349 0.33829977409064E+01 0.48156967856674E-01 -.20691707580402E+01
 350 0.34665577851068E+01 0.42772369643231E-01 -.20192941915099E+01
 351 0.35521817623990E+01 0.37867499065086E-01 -.19706198804625E+01
 352 0.36399206519302E+01 0.33414681315109E-01 -.19231188449912E+01
 353 0.37298266920329E+01 0.29386163110269E-01 -.18767628037388E+01
 354 0.38219534113261E+01 0.25754313995986E-01 -.18315241570595E+01
 355 0.39163556605859E+01 0.22491814728501E-01 -.17873759705860E+01
 356 0.40130896454023E+01 0.19571831251410E-01 -.17442919591939E+01
 357 0.41122129596438E+01 0.16968173011102E-01 -.17022464713515E+01
 358 0.42137846197470E+01 0.14655434603888E-01 -.16612144738475E+01
 359 0.43178650998547E+01 0.12609120010184E-01 -.16211715368864E+01
 360 0.44245163678211E+01 0.10805748942478E-01 -.15820938195437E+01
 361 0.45338019221063E+01 0.92229451083117E-02 -.15439580555711E+01
 362 0.46457868295824E+01 0.78395064609996E-02 -.15067415395443E+01
 363 0.47605377642730E+01 0.66354577734911E-02 -.14704221133447E+01
 364 0.48781230470506E+01 0.55920861188933E-02 -.14349781529665E+01
 365 0.49986126863127E+01 0.46919600694955E-02 -.14003885556421E+01
 366 0.51220784196647E+01 0.39189336299531E-02 -.13666327272783E+01
 367 0.52485937566304E+01 0.32581360956551E-02 -.13336905701945E+01
 368 0.53782340224191E+01 0.26959491711069E-02 -.13015424711570E+01
 369 0.55110764027729E+01 0.22199727932373E-02 -.12701692897014E+01
 370 0.56471999899214E+01 0.18189811797329E-02 -.12395523467370E+01
 371 0.57866858296724E+01 0.14828706626519E-02 -.12096734134254E+01
 372 0.59296169696653E+01 0.12026008735321E-02 -.11805147003273E+01
 373 0.60760785088161E+01 0.97013081977218E-03 -.11520588468110E+01
 374 0.62261576479838E+01 0.77835133586509E-03 -.11242889107164E+01
 375 0.63799437418890E+01 0.62101531046711E-03 -.10971883582672E+01
 376 0.65375283523137E+01 0.49266698523783E-03 -.10707410542277E+01
 377 0.66990053026158E+01 0.38857149824819E-03 -.10449312522960E+01
 378 0.68644707335905E+01 0.30464570813461E-03 -.10197435857285E+01
 379 0.70340231607101E+01 0.23739118975590E-03 -.99516305819121E+00
 380 0.72077635327797E+01 0.18383014247276E-03 -.97117503483089E+00
 381 0.73857952920393E+01 0.14144480265123E-03 -.94776523356191E+00
 382 0.75682244357527E+01 0.10812080654660E-03 -.92491971656281E+00
 383 0.77551595793158E+01 0.82094811810979E-04 -.90262488197796E+00
 384 0.79467120209249E+01 0.61906558373652E-04 -.88086745581922E+00
 385 0.81429958078417E+01 0.46355434626390E-04 -.85963448406287E+00
 386 0.83441278042954E+01 0.34461514316062E-04 -.83891332493693E+00
 387 0.85502277610615E+01 0.25430944272633E-04 -.81869164139448E+00
 388 0.87614183867598E+01 0.18625493438644E-04 -.79895739376840E+00
 389 0.89778254209127E+01 0.13536019419371E-04 -.77969883260310E+00
 390 0.91995777088093E+01 0.97595692600461E-05 -.76090449165912E+00
 391 0.94268072782169E+01 0.69798052992619E-05 -.74256318108629E+00
 392 0.96596494179888E+01 0.49504333612091E-05 -.72466398076148E+00
 393 0.98982427586131E+01 0.34813076376580E-05 -.70719623378694E+00
 394 0.10142729354751E+02 0.24268926572372E-05 -.69014954014535E+00
 395 0.10393254769813E+02 0.16767759930871E-05 -.67351375050781E+00
 396 0.10649968162628E+02 0.11479441080963E-05 -.65727896019109E+00
 397 0.10913022376245E+02 0.77855636889450E-06 -.64143550326055E+00
 398 0.11182574028938E+02 0.52297731449350E-06 -.62597394677520E+00
 399 0.11458783607453E+02 0.34785346552527E-06 -.61088508517147E+00
 400 0.11741815562557E+02 0.22904723161417E-06 -.59615993478234E+00
 401 0.12031838406952E+02 0.14926595454454E-06 -.58178972848867E+00
 402 0.12329024815603E+02 0.96248157401195E-07 -.56776591049934E+00
 403 0.12633551728549E+02 0.61391192466379E-07 -.55408013125728E+00
 404 0.12945600456244E+02 0.38724405089565E-07 -.54072424246831E+00
 405 0.13265356787513E+02 0.24149518467490E-07 -.52769029224975E+00
 406 0.13593011100165E+02 0.14885179777539E-07 -.51497052039596E+00
 407 0.13928758474339E+02 0.90655718444435E-08 -.50255735375814E+00
 408 0.14272798808655E+02 0.54538368066467E-08 -.49044340173528E+00
 409 0.14625336939229E+02 0.32399758889954E-08 -.47862145187399E+00
 410 0.14986582761628E+02 0.19001044894881E-08 -.46708446557430E+00
 411 0.15356751355840E+02 0.10996868006171E-08 -.45582557389900E+00
 412 0.15736063114329E+02 0.62787336947999E-09 -.44483807348394E+00
 413 0.16124743873253E+02 0.35353987963921E-09 -.43411542254703E+00
 414 0.16523025046923E+02 0.19625311500691E-09 -.42365123699330E+00
 415 0.16931143765581E+02 0.10736174780096E-09 -.41343928661393E+00
 416 0.17349343016591E+02 0.57859695387919E-10 -.40347349137692E+00
 417 0.17777871789101E+02 0.30704896631055E-10 -.39374791780709E+00
 418 0.18216985222292E+02 0.16038421341855E-10 -.38425677545339E+00
 419 0.18666944757283E+02 0.00000000000000E+00 -.37499441344139E+00
 420 0.19128018292787E+02 0.00000000000000E+00 -.36595531710880E+00
 421 0.19600480344619E+02 0.00000000000000E+00 -.35713410472216E+00
 422 0.20084612209131E+02 0.00000000000000E+00 -.34852552427263E+00
 423 0.20580702130697E+02 0.00000000000000E+00 -.34012445034901E+00
 424 0.21089045473325E+02 0.00000000000000E+00 -.33192588108618E+00
 425 0.21609944896516E+02 0.00000000000000E+00 -.32392493518706E+00
 426 0.22143710535460E+02 0.00000000000000E+00 -.31611684901636E+00
 427 0.22690660185686E+02 0.00000000000000E+00 -.30849697376438E+00
 428 0.23251119492273E+02 0.00000000000000E+00 -.30106077267920E+00
 429 0.23825422143732E+02 0.00000000000000E+00 -.29380381836557E+00
 430 0.24413910070682E+02 0.00000000000000E+00 -.28672179014889E+00
 431 0.25016933649428E+02 0.00000000000000E+00 -.27981047150277E+00
 432 0.25634851910569E+02 0.00000000000000E+00 -.27306574753857E+00
 433 0.26268032752760E+02 0.00000000000000E+00 -.26648360255545E+00
 434 0.26916853161753E+02 0.00000000000000E+00 -.26006011764951E+00
 435 0.27581699434848E+02 0.00000000000000E+00 -.25379146838051E+00
 436 0.28262967410889E+02 0.00000000000000E+00 -.24767392249489E+00
 437 0.28961062705938E+02 0.00000000000000E+00 -.24170383770361E+00
 438 0.29676400954774E+02 0.00000000000000E+00 -.23587765951362E+00
 439 0.30409408058357E+02 0.00000000000000E+00 -.23019191911156E+00
 440 0.31160520437399E+02 0.00000000000000E+00 -.22464323129849E+00
 441 0.31930185292202E+02 0.00000000000000E+00 -.21922829247438E+00
 442 0.32718860868920E+02 0.00000000000000E+00 -.21394387867120E+00
 443 0.33527016732382E+02 0.00000000000000E+00 -.20878684363345E+00
 444 0.34355134045672E+02 0.00000000000000E+00 -.20375411694491E+00
 445 0.35203705856600E+02 0.00000000000000E+00 -.19884270220056E+00
 446 0.36073237391258E+02 0.00000000000000E+00 -.19404967522256E+00
 447 0.36964246354822E+02 0.00000000000000E+00 -.18937218231927E+00
 448 0.37877263239786E+02 0.00000000000000E+00 -.18480743858619E+00
 449 0.38812831641809E+02 0.00000000000000E+00 -.18035272624787E+00
 450 0.39771508583362E+02 0.00000000000000E+00 -.17600539303979E+00
 451 0.40753864845371E+02 0.00000000000000E+00 -.17176285062925E+00
 452 0.41760485307051E+02 0.00000000000000E+00 -.16762257307431E+00
 453 0.42791969294136E+02 0.00000000000000E+00 -.16358209531991E+00
 454 0.43848930935701E+02 0.00000000000000E+00 -.15963901173017E+00
 455 0.44931999529813E+02 0.00000000000000E+00 -.15579097465617E+00
 456 0.46041819918199E+02 0.00000000000000E+00 -.15203569303813E+00
 457 0.47179052870178E+02 0.00000000000000E+00 -.14837093104140E+00
 458 0.48344375476072E+02 0.00000000000000E+00 -.14479450672529E+00
 459 0.49538481550331E+02 0.00000000000000E+00 -.14130429074391E+00
 460 0.50762082044624E+02 0.00000000000000E+00 -.13789820507848E+00
 461 0.52015905471126E+02 0.00000000000000E+00 -.13457422180002E+00
 462 0.53300698336263E+02 0.00000000000000E+00 -.13133036186202E+00
 463 0.54617225585169E+02 0.00000000000000E+00 -.12816469392215E+00
 464 0.55966271057122E+02 0.00000000000000E+00 -.12507533319230E+00
 465 0.57348637952233E+02 0.00000000000000E+00 -.12206044031648E+00
 466 0.58765149309653E+02 0.00000000000000E+00 -.11911822027567E+00
 467 0.60216648497602E+02 0.00000000000000E+00 -.11624692131909E+00
 468 0.61703999715493E+02 0.00000000000000E+00 -.11344483392123E+00
 469 0.63228088508465E+02 0.00000000000000E+00 -.11071028976406E+00
 470 0.64789822294624E+02 0.00000000000000E+00 -.10804166074369E+00
 471 0.66390130905302E+02 0.00000000000000E+00 -.10543735800107E+00
 472 0.68029967138663E+02 0.00000000000000E+00 -.10289583097596E+00
 473 0.69710307326988E+02 0.00000000000000E+00 -.10041556648381E+00
 474 0.71432151917964E+02 0.00000000000000E+00 -.97995087814785E-01
 475 0.73196526070338E+02 0.00000000000000E+00 -.95632953854577E-01
 476 0.75004480264275E+02 0.00000000000000E+00 -.93327758226385E-01
 477 0.76857090926803E+02 0.00000000000000E+00 -.91078128453582E-01
477  0.10247000000000E+01
   1 0.69444444444444E-03 0.30323648401285E-05 -.20080938090117E+02
   2 0.71159722222222E-03 0.31840136786962E-05 -.20080938428192E+02
   3 0.72917367361111E-03 0.33432464893290E-05 -.20080938742238E+02
   4 0.74718426334931E-03 0.35104425471526E-05 -.20080939032040E+02
   5 0.76563971465403E-03 0.36860001095171E-05 -.20080939297349E+02
   6 0.78455101560599E-03 0.38703372873776E-05 -.20080939537879E+02
   7 0.80392942569146E-03 0.40638931531933E-05 -.20080939753309E+02
   8 0.82378648250603E-03 0.42671287306647E-05 -.20080939943278E+02
   9 0.84413400862393E-03 0.44805281000841E-05 -.20080940107386E+02
  10 0.86498411863694E-03 0.47045995503299E-05 -.20080940245193E+02
  11 0.88634922636728E-03 0.49398767894976E-05 -.20080940356214E+02
  12 0.90824205225855E-03 0.51869202160804E-05 -.20080940439922E+02
  13 0.93067563094934E-03 0.54463182537196E-05 -.20080940495744E+02
  14 0.95366331903378E-03 0.57186887527000E-05 -.20080940523057E+02
  15 0.97721880301392E-03 0.60046804615307E-05 -.20080940521191E+02
  16 0.10013561074484E-02 0.63049745721141E-05 -.20080940489423E+02
  17 0.10260896033023E-02 0.66202863421843E-05 -.20080940426976E+02
  18 0.10514340165039E-02 0.69513667988765E-05 -.20080940333016E+02
  19 0.10774044367116E-02 0.72990045274868E-05 -.20080940206652E+02
  20 0.11040163262983E-02 0.76640275496792E-05 -.20080940046932E+02
  21 0.11312855295579E-02 0.80473052956146E-05 -.20080939852839E+02
  22 0.11592282821380E-02 0.84497506746974E-05 -.20080939623290E+02
  23 0.11878612207068E-02 0.88723222498691E-05 -.20080939357132E+02
  24 0.12172013928582E-02 0.93160265206295E-05 -.20080939053141E+02
  25 0.12472662672618E-02 0.97819203202180E-05 -.20080938710015E+02
  26 0.12780737440632E-02 0.10271113332666E-04 -.20080938326375E+02
  27 0.13096421655416E-02 0.10784770735714E-04 -.20080937900757E+02
  28 0.13419903270304E-02 0.11324115975880E-04 -.20080937431612E+02
  29 0.13751374881081E-02 0.11890433682298E-04 -.20080936917298E+02
  30 0.14091033840644E-02 0.12485072726254E-04 -.20080936356080E+02
  31 0.14439082376508E-02 0.13109449433711E-04 -.20080935746124E+02
  32 0.14795727711207E-02 0.13765050958463E-04 -.20080935085489E+02
  33 0.15161182185674E-02 0.14453438823963E-04 -.20080934372128E+02
  34 0.15535663385660E-02 0.15176252642240E-04 -.20080933603879E+02
  35 0.15919394271286E-02 0.15935214018778E-04 -.20080932778460E+02
  36 0.16312603309787E-02 0.16732130652628E-04 -.20080931893463E+02
  37 0.16715524611539E-02 0.17568900641548E-04 -.20080930946352E+02
  38 0.17128398069444E-02 0.18447517002378E-04 -.20080929934448E+02
  39 0.17551469501759E-02 0.19370072417454E-04 -.20080928854934E+02
  40 0.17984990798452E-02 0.20338764218321E-04 -.20080927704837E+02
  41 0.18429220071174E-02 0.21355899618635E-04 -.20080926481027E+02
  42 0.18884421806932E-02 0.22423901208693E-04 -.20080925180209E+02
  43 0.19350867025563E-02 0.23545312724684E-04 -.20080923798913E+02
  44 0.19828833441095E-02 0.24722805106369E-04 -.20080922333486E+02
  45 0.20318605627090E-02 0.25959182857639E-04 -.20080920780083E+02
  46 0.20820475186079E-02 0.27257390725056E-04 -.20080919134660E+02
  47 0.21334740923175E-02 0.28620520710293E-04 -.20080917392960E+02
  48 0.21861709023977E-02 0.30051819433155E-04 -.20080915550505E+02
  49 0.22401693236870E-02 0.31554695862692E-04 -.20080913602586E+02
  50 0.22955015059820E-02 0.33132729434810E-04 -.20080911544250E+02
  51 0.23522003931798E-02 0.34789678575702E-04 -.20080909370290E+02
  52 0.24102997428913E-02 0.36529489651348E-04 -.20080907075228E+02
  53 0.24698341465407E-02 0.38356306364417E-04 -.20080904653307E+02
  54 0.25308390499603E-02 0.40274479620885E-04 -.20080902098475E+02
  55 0.25933507744943E-02 0.42288577889875E-04 -.20080899404370E+02
  56 0.26574065386243E-02 0.44403398081330E-04 -.20080896564303E+02
  57 0.27230444801283E-02 0.46623976967415E-04 -.20080893571248E+02
  58 0.27903036787875E-02 0.48955603174799E-04 -.20080890417817E+02
  59 0.28592241796536E-02 0.51403829776340E-04 -.20080887096248E+02
  60 0.29298470168910E-02 0.53974487512110E-04 -.20080883598386E+02
  61 0.30022142382082E-02 0.56673698671207E-04 -.20080879915660E+02
  62 0.30763689298920E-02 0.59507891667342E-04 -.20080876039065E+02
  63 0.31523552424603E-02 0.62483816342867E-04 -.20080871959140E+02
  64 0.32302184169491E-02 0.65608560037618E-04 -.20080867665947E+02
  65 0.33100048118477E-02 0.68889564460751E-04 -.20080863149042E+02
  66 0.33917619307003E-02 0.72334643405696E-04 -.20080858397458E+02
  67 0.34755384503886E-02 0.75952001350300E-04 -.20080853399670E+02
  68 0.35613842501132E-02 0.79750252986369E-04 -.20080848143575E+02
  69 0.36493504410910E-02 0.83738443724989E-04 -.20080842616457E+02
  70 0.37394893969860E-02 0.87926071226362E-04 -.20080836804962E+02
  71 0.38318547850915E-02 0.92323108005260E-04 -.20080830695062E+02
  72 0.39265015982833E-02 0.96940025165805E-04 -.20080824272023E+02
  73 0.40234861877609E-02 0.10178781732191E-03 -.20080817520371E+02
  74 0.41228662965986E-02 0.10687802876259E-03 -.20080810423852E+02
  75 0.42247010941246E-02 0.11222278092412E-03 -.20080802965397E+02
  76 0.43290512111494E-02 0.11783480123448E-03 -.20080795127079E+02
  77 0.44359787760648E-02 0.12372745339821E-03 -.20080786890069E+02
  78 0.45455474518336E-02 0.12991476919383E-03 -.20080778234595E+02
  79 0.46578224738939E-02 0.13641148185902E-03 -.20080769139891E+02
  80 0.47728706889991E-02 0.14323306114282E-03 -.20080759584149E+02
  81 0.48907605950174E-02 0.15039575010800E-03 -.20080749544470E+02
  82 0.50115623817143E-02 0.15791660377067E-03 -.20080738996801E+02
  83 0.51353479725427E-02 0.16581352966891E-03 -.20080727915889E+02
  84 0.52621910674645E-02 0.17410533045632E-03 -.20080716275212E+02
  85 0.53921671868308E-02 0.18281174862152E-03 -.20080704046918E+02
  86 0.55253537163456E-02 0.19195351343943E-03 -.20080691201763E+02
  87 0.56618299531393E-02 0.20155239026542E-03 -.20080677709034E+02
  88 0.58016771529818E-02 0.21163123228906E-03 -.20080663536483E+02
  89 0.59449785786605E-02 0.22221403486984E-03 -.20080648650246E+02
  90 0.60918195495534E-02 0.23332599258337E-03 -.20080633014761E+02
  91 0.62422874924274E-02 0.24499355911285E-03 -.20080616592691E+02
  92 0.63964719934903E-02 0.25724451012745E-03 -.20080599344825E+02
  93 0.65544648517295E-02 0.27010800929600E-03 -.20080581229991E+02
  94 0.67163601335673E-02 0.28361467759184E-03 -.20080562204960E+02
  95 0.68822542288664E-02 0.29779666605254E-03 -.20080542224335E+02
  96 0.70522459083194E-02 0.31268773216592E-03 -.20080521240452E+02
  97 0.72264363822548E-02 0.32832332006261E-03 -.20080499203260E+02
  98 0.74049293608965E-02 0.34474064470400E-03 -.20080476060207E+02
  99 0.75878311161107E-02 0.36197878026395E-03 -.20080451756109E+02
 100 0.77752505446786E-02 0.38007875291231E-03 -.20080426233027E+02
 101 0.79672992331322E-02 0.39908363821839E-03 -.20080399430123E+02
 102 0.81640915241905E-02 0.41903866340348E-03 -.20080371283516E+02
 103 0.83657445848381E-02 0.43999131468263E-03 -.20080341726135E+02
 104 0.85723784760836E-02 0.46199144994770E-03 -.20080310687552E+02
 105 0.87841162244428E-02 0.48509141705601E-03 -.20080278093823E+02
 106 0.90010838951866E-02 0.50934617800194E-03 -.20080243867307E+02
 107 0.92234106673977E-02 0.53481343926224E-03 -.20080207926482E+02
 108 0.94512289108824E-02 0.56155378862026E-03 -.20080170185755E+02
 109 0.96846742649812E-02 0.58963083878890E-03 -.20080130555256E+02
 110 0.99238857193262E-02 0.61911137816782E-03 -.20080088940624E+02
 111 0.10169005696594E-01 0.65006552908678E-03 -.20080045242786E+02
 112 0.10420180137299E-01 0.68256691390409E-03 -.20079999357720E+02
 113 0.10677558586691E-01 0.71669282934676E-03 -.20079951176211E+02
 114 0.10941294283782E-01 0.75252442949822E-03 -.20079900583587E+02
 115 0.11211544252591E-01 0.79014691785846E-03 -.20079847459453E+02
 116 0.11488469395630E-01 0.82964974892244E-03 -.20079791677402E+02
 117 0.11772234589702E-01 0.87112683974376E-03 -.20079733104717E+02
 118 0.12063008784068E-01 0.91467679197329E-03 -.20079671602057E+02
 119 0.12360965101035E-01 0.96040312488570E-03 -.20079607023126E+02
 120 0.12666280939030E-01 0.10084145199315E-02 -.20079539214327E+02
 121 0.12979138078224E-01 0.10588250773781E-02 -.20079468014401E+02
 122 0.13299722788756E-01 0.11117545856293E-02 -.20079393254042E+02
 123 0.13628225941639E-01 0.11673288038424E-02 -.20079314755499E+02
 124 0.13964843122397E-01 0.12256797584896E-02 -.20079232332154E+02
 125 0.14309774747520E-01 0.12869460545413E-02 -.20079145788082E+02
 126 0.14663226183784E-01 0.13512732019824E-02 -.20079054917592E+02
 127 0.15025407870524E-01 0.14188139584040E-02 -.20078959504732E+02
 128 0.15396535444925E-01 0.14897286884484E-02 -.20078859322790E+02
 129 0.15776829870415E-01 0.15641857409219E-02 -.20078754133749E+02
 130 0.16166517568214E-01 0.16423618444276E-02 -.20078643687735E+02
 131 0.16565830552149E-01 0.17244425224096E-02 -.20078527722420E+02
 132 0.16975006566787E-01 0.18106225285399E-02 -.20078405962408E+02
 133 0.17394289228987E-01 0.19011063034255E-02 -.20078278118585E+02
 134 0.17823928172943E-01 0.19961084536524E-02 -.20078143887438E+02
 135 0.18264179198815E-01 0.20958542542352E-02 -.20078002950341E+02
 136 0.18715304425025E-01 0.22005801755834E-02 -.20077854972804E+02
 137 0.19177572444324E-01 0.23105344361510E-02 -.20077699603687E+02
 138 0.19651258483698E-01 0.24259775819825E-02 -.20077536474374E+02
 139 0.20136644568246E-01 0.25471830944264E-02 -.20077365197907E+02
 140 0.20634019689081E-01 0.26744380273408E-02 -.20077185368078E+02
 141 0.21143679975402E-01 0.28080436751738E-02 -.20076996558471E+02
 142 0.21665928870794E-01 0.29483162733616E-02 -.20076798321464E+02
 143 0.22201077313903E-01 0.30955877325489E-02 -.20076590187180E+02
 144 0.22749443923556E-01 0.32502064081997E-02 -.20076371662379E+02
 145 0.23311355188468E-01 0.34125379072323E-02 -.20076142229307E+02
 146 0.23887145661623E-01 0.35829659333821E-02 -.20075901344481E+02
 147 0.24477158159465E-01 0.37618931730611E-02 -.20075648437409E+02
 148 0.25081743966004E-01 0.39497422235617E-02 -.20075382909263E+02
 149 0.25701263041964E-01 0.41469565655186E-02 -.20075104131466E+02
 150 0.26336084239101E-01 0.43540015816240E-02 -.20074811444229E+02
 151 0.26986585519806E-01 0.45713656236656E-02 -.20074504154994E+02
 152 0.27653154182146E-01 0.47995611300356E-02 -.20074181536824E+02
 153 0.28336187090445E-01 0.50391257959412E-02 -.20073842826689E+02
 154 0.29036090911579E-01 0.52906237986250E-02 -.20073487223685E+02
 155 0.29753282357095E-01 0.55546470799909E-02 -.20073113887154E+02
 156 0.30488188431315E-01 0.58318166891098E-02 -.20072721934709E+02
 157 0.31241246685568E-01 0.61227841871659E-02 -.20072310440173E+02
 158 0.32012905478702E-01 0.64282331174872E-02 -.20071878431395E+02
 159 0.32803624244026E-01 0.67488805433886E-02 -.20071424887969E+02
 160 0.33613873762853E-01 0.70854786566361E-02 -.20070948738835E+02
 161 0.34444136444796E-01 0.74388164594262E-02 -.20070448859752E+02
 162 0.35294906614982E-01 0.78097215228505E-02 -.20069924070650E+02
 163 0.36166690808372E-01 0.81990618248952E-02 -.20069373132839E+02
 164 0.37060008071339E-01 0.86077476710987E-02 -.20068794746076E+02
 165 0.37975390270701E-01 0.90367337010581E-02 -.20068187545475E+02
 166 0.38913382410387E-01 0.94870209840431E-02 -.20067550098263E+02
 167 0.39874542955924E-01 0.99596592070320E-02 -.20066880900359E+02
 168 0.40859444166935E-01 0.10455748958534E-01 -.20066178372762E+02
 169 0.41868672437859E-01 0.10976444111605E-01 -.20065440857762E+02
 170 0.42902828647074E-01 0.11522954309499E-01 -.20064666614926E+02
 171 0.43962528514657E-01 0.12096547557403E-01 -.20063853816875E+02
 172 0.45048402968969E-01 0.12698552923724E-01 -.20063000544819E+02
 173 0.46161098522302E-01 0.13330363354370E-01 -.20062104783838E+02
 174 0.47301277655803E-01 0.13993438603449E-01 -.20061164417899E+02
 175 0.48469619213901E-01 0.14689308283739E-01 -.20060177224578E+02
 176 0.49666818808485E-01 0.15419575040222E-01 -.20059140869467E+02
 177 0.50893589233054E-01 0.16185917849856E-01 -.20058052900251E+02
 178 0.52150660887111E-01 0.16990095450630E-01 -.20056910740419E+02
 179 0.53438782211022E-01 0.17833949902761E-01 -.20055711682584E+02
 180 0.54758720131634E-01 0.18719410284683E-01 -.20054452881381E+02
 181 0.56111260518886E-01 0.19648496526222E-01 -.20053131345905E+02
 182 0.57497208653702E-01 0.20623323381024E-01 -.20051743931645E+02
 183 0.58917389707449E-01 0.21646104539950E-01 -.20050287331890E+02
 184 0.60372649233223E-01 0.22719156886690E-01 -.20048758068525E+02
 185 0.61863853669283E-01 0.23844904896377E-01 -.20047152482200E+02
 186 0.63391890854915E-01 0.25025885177353E-01 -.20045466721784E+02
 187 0.64957670559031E-01 0.26264751155602E-01 -.20043696733055E+02
 188 0.66562125021839E-01 0.27564277900546E-01 -.20041838246541E+02
 189 0.68206209509879E-01 0.28927367090042E-01 -.20039886764440E+02
 190 0.69890902884772E-01 0.30357052111407E-01 -.20037837546517E+02
 191 0.71617208186026E-01 0.31856503294123E-01 -.20035685594891E+02
 192 0.73386153228221E-01 0.33429033268604E-01 -.20033425637587E+02
 193 0.75198791212958E-01 0.35078102443942E-01 -.20031052110732E+02
 194 0.77056201355918E-01 0.36807324595891E-01 -.20028559139266E+02
 195 0.78959489529410E-01 0.38620472554501E-01 -.20025940515999E+02
 196 0.80909788920786E-01 0.40521483978769E-01 -.20023189678857E+02
 197 0.82908260707129E-01 0.42514467203325E-01 -.20020299686128E+02
 198 0.84956094746595E-01 0.44603707139623E-01 -.20017263189491E+02
 199 0.87054510286836E-01 0.46793671211219E-01 -.20014072404612E+02
 200 0.89204756690921E-01 0.49089015299525E-01 -.20010719079043E+02
 201 0.91408114181187E-01 0.51494589672904E-01 -.20007194457155E+02
 202 0.93665894601462E-01 0.54015444868014E-01 -.20003489241789E+02
 203 0.95979442198118E-01 0.56656837488010E-01 -.19999593552295E+02
 204 0.98350134420412E-01 0.59424235877386E-01 -.19995496878587E+02
 205 0.10077938274060E+00 0.62323325627989E-01 -.19991188030811E+02
 206 0.10326863349429E+00 0.65360014864900E-01 -.19986655084177E+02
 207 0.10581936874160E+00 0.68540439254515E-01 -.19981885318481E+02
 208 0.10843310714952E+00 0.71870966670138E-01 -.19976865151783E+02
 209 0.11111140489611E+00 0.75358201442750E-01 -.19971580067668E+02
 210 0.11385585659704E+00 0.79008988116221E-01 -.19966014535477E+02
 211 0.11666809625499E+00 0.82830414617103E-01 -.19960151922821E+02
 212 0.11954979823249E+00 0.86829814739188E-01 -.19953974399661E+02
 213 0.12250267824883E+00 0.91014769832200E-01 -.19947462833160E+02
 214 0.12552849440158E+00 0.95393109572264E-01 -.19940596672475E+02
 215 0.12862904821329E+00 0.99972911679128E-01 -.19933353822566E+02
 216 0.13180618570416E+00 0.10476250043142E+00 -.19925710506072E+02
 217 0.13506179849106E+00 0.10977044381649E+00 -.19917641112202E+02
 218 0.13839782491378E+00 0.11500554913566E+00 -.19909118031563E+02
 219 0.14181625118916E+00 0.12047685686875E+00 -.19900111475741E+02
 220 0.14531911259353E+00 0.12619363258369E+00 -.19890589280418E+02
 221 0.14890849467459E+00 0.13216535665829E+00 -.19880516690740E+02
 222 0.15258653449305E+00 0.13840171156043E+00 -.19869856127573E+02
 223 0.15635542189503E+00 0.14491256641252E+00 -.19858566933256E+02
 224 0.16021740081584E+00 0.15170795854320E+00 -.19846605095392E+02
 225 0.16417477061599E+00 0.15879807170680E+00 -.19833922947197E+02
 226 0.16822988745020E+00 0.16619321062704E+00 -.19820468842885E+02
 227 0.17238516567022E+00 0.17390377149762E+00 -.19806186806560E+02
 228 0.17664307926228E+00 0.18194020804767E+00 -.19791016153104E+02
 229 0.18100616332005E+00 0.19031299275603E+00 -.19774891079560E+02
 230 0.18547701555406E+00 0.19903257277466E+00 -.19757740225585E+02
 231 0.19005829783824E+00 0.20810932009873E+00 -.19739486201618E+02
 232 0.19475273779485E+00 0.21755347550041E+00 -.19720045083568E+02
 233 0.19956313041838E+00 0.22737508572464E+00 -.19699325872981E+02
 234 0.20449233973972E+00 0.23758393343061E+00 -.19677229921885E+02
 235 0.20954330053129E+00 0.24818945935222E+00 -.19653650321839E+02
 236 0.21471902005441E+00 0.25920067614589E+00 -.19628471257059E+02
 237 0.22002257984975E+00 0.27062607339739E+00 -.19601567321989E+02
 238 0.22545713757204E+00 0.28247351327061E+00 -.19572802804272E+02
 239 0.23102592887007E+00 0.29475011630444E+00 -.19542030934738E+02
 240 0.23673226931316E+00 0.30746213689975E+00 -.19509093106915E+02
 241 0.24257955636520E+00 0.32061482809080E+00 -.19473818069523E+02
 242 0.24857127140742E+00 0.33421229526600E+00 -.19436021096608E+02
 243 0.25471098181118E+00 0.34825733859585E+00 -.19395503141360E+02
 244 0.26100234306192E+00 0.36275128404390E+00 -.19352049981222E+02
 245 0.26744910093555E+00 0.37769380298416E+00 -.19305431363793E+02
 246 0.27405509372866E+00 0.39308272062871E+00 -.19255400165119E+02
 247 0.28082425454375E+00 0.40891381368737E+00 -.19201691574400E+02
 248 0.28776061363098E+00 0.42518059794083E+00 -.19144022321885E+02
 249 0.29486830078767E+00 0.44187410671399E+00 -.19082089969794E+02
 250 0.30215154781712E+00 0.45898266159166E+00 -.19015572289577E+02
 251 0.30961469104821E+00 0.47649163712746E+00 -.18944126752593E+02
 252 0.31726217391710E+00 0.49438322176167E+00 -.18867390165505E+02
 253 0.32509854961285E+00 0.51263617768658E+00 -.18784978486196E+02
 254 0.33312848378829E+00 0.53122560297930E+00 -.18696486860932E+02
 255 0.34135675733786E+00 0.55012269995905E+00 -.18601489928603E+02
 256 0.34978826924410E+00 0.56929455441560E+00 -.18499542443346E+02
 257 0.35842803949443E+00 0.58870393108924E+00 -.18390180272299E+02
 258 0.36728121206995E+00 0.60830909154866E+00 -.18272921830806E+02
 259 0.37635305800807E+00 0.62806364139550E+00 -.18147270022693E+02
 260 0.38564897854087E+00 0.64791641450043E+00 -.18012714758142E+02
 261 0.39517450831083E+00 0.66781140271698E+00 -.17868736125932E+02
 262 0.40493531866611E+00 0.68768774019100E+00 -.17714808299936E+02
 263 0.41493722103716E+00 0.70747975194152E+00 -.17550404261450E+02
 264 0.42518617039678E+00 0.72711707678305E+00 -.17375001418619E+02
 265 0.43568826880558E+00 0.74652487483089E+00 -.17188088201311E+02
 266 0.44644976904508E+00 0.76562412971465E+00 -.16989171703635E+02
 267 0.45747707834049E+00 0.78433205515042E+00 -.16777786436185E+02
 268 0.46877676217550E+00 0.80256261461428E+00 -.16553504235096E+02
 269 0.48035554820124E+00 0.82022716144645E+00 -.16315945354417E+02
 270 0.49222033024181E+00 0.83723520472570E+00 -.16064790741182E+02
 271 0.50437817239878E+00 0.85349530362991E+00 -.15799795458114E+02
 272 0.51683631325703E+00 0.86891608969832E+00 -.15520803176425E+02
 273 0.52960217019448E+00 0.88340741241577E+00 -.15227761610192E+02
 274 0.54268334379828E+00 0.89688159886617E+00 -.14920738704014E+02
 275 0.55608762239010E+00 0.90925481290672E+00 -.14599939317400E+02
 276 0.56982298666313E+00 0.92044849350310E+00 -.14265722073226E+02
 277 0.58389761443371E+00 0.93039084570086E+00 -.13918615955244E+02
 278 0.59831988551023E+00 0.93901835140907E+00 -.13559336153120E+02
 279 0.61309838668233E+00 0.94627726101945E+00 -.13188798566214E+02
 280 0.62824191683338E+00 0.95212502120924E+00 -.12808132293241E+02
 281 0.64375949217917E+00 0.95653158945245E+00 -.12418689359306E+02
 282 0.65966035163599E+00 0.95948058218855E+00 -.12022050870160E+02
 283 0.67595396232140E+00 0.96097020166339E+00 -.11620028741950E+02
 284 0.69265002519074E+00 0.96101388652709E+00 -.11214662138740E+02
 285 0.70975848081295E+00 0.95964063364252E+00 -.10808207763810E+02
 286 0.72728951528903E+00 0.95689494342545E+00 -.10403123195749E+02
 287 0.74525356631667E+00 0.95283634847845E+00 -.10002042533905E+02
 288 0.76366132940469E+00 0.94753849523234E+00 -.96077437116153E+01
 289 0.78252376424099E+00 0.94108776057938E+00 -.92231069346587E+01
 290 0.80185210121774E+00 0.93358139977805E+00 -.88510637843260E+01
 291 0.82165784811782E+00 0.92512523790042E+00 -.84945365620002E+01
 292 0.84195279696633E+00 0.91583093450492E+00 -.81563674170748E+01
 293 0.86274903105140E+00 0.90581286995202E+00 -.78392366737966E+01
 294 0.88405893211837E+00 0.89518472204633E+00 -.75455695621964E+01
 295 0.90589518774169E+00 0.88405582411918E+00 -.72774303213552E+01
 296 0.92827079887891E+00 0.87252742137305E+00 -.70364025226152E+01
 297 0.95119908761122E+00 0.86068897280180E+00 -.68234547268267E+01
 298 0.97469370507522E+00 0.84861468287269E+00 -.66387916898790E+01
 299 0.99876863959057E+00 0.83636049139190E+00 -.64816939298247E+01
 300 0.10234382249885E+01 0.82396180072439E+00 -.63503534735995E+01
 301 0.10487171491457E+01 0.81143227217288E+00 -.62417221405449E+01
 302 0.10746204627296E+01 0.79876406666816E+00 -.61514020591587E+01
 303 0.11011635881590E+01 0.78592991769936E+00 -.60736274892375E+01
 304 0.11283623287865E+01 0.77288737115510E+00 -.60014134178587E+01
 305 0.11562328783075E+01 0.75958535389716E+00 -.59269803661613E+01
 306 0.11847918304017E+01 0.74597286593421E+00 -.58426066053709E+01
 307 0.12140561886127E+01 0.73200893329513E+00 -.57421092144443E+01
 308 0.12440433764714E+01 0.71767189056050E+00 -.56232172038502E+01
 309 0.12747712478702E+01 0.70296443652667E+00 -.54911818423251E+01
 310 0.13062580976926E+01 0.68790996725284E+00 -.53588188318954E+01
 311 0.13385226727056E+01 0.67253773540802E+00 -.52296464401660E+01
 312 0.13715841827215E+01 0.65687747644516E+00 -.51035877399103E+01
 313 0.14054623120347E+01 0.64095910463920E+00 -.49805676637800E+01
 314 0.14401772311420E+01 0.62481262798151E+00 -.48605129578871E+01
 315 0.14757496087512E+01 0.60846806691226E+00 -.47433521369275E+01
 316 0.15122006240873E+01 0.59195537691248E+00 -.46290154407075E+01
 317 0.15495519795023E+01 0.57530437490203E+00 -.45174347919534E+01
 318 0.15878259133960E+01 0.55854466932153E+00 -.44085437553156E+01
 319 0.16270452134569E+01 0.54170559371837E+00 -.43022774974865E+01
 320 0.16672332302292E+01 0.52481614360828E+00 -.41985727483736E+01
 321 0.17084138910159E+01 0.50790491634661E+00 -.40973677632738E+01
 322 0.17506117141240E+01 0.49100005371751E+00 -.39986022860051E+01
 323 0.17938518234629E+01 0.47412918693445E+00 -.39022175129606E+01
 324 0.18381599635024E+01 0.45731938374265E+00 -.38081560580507E+01
 325 0.18835625146009E+01 0.44059709732177E+00 -.37163619185051E+01
 326 0.19300865087115E+01 0.42398811670594E+00 -.36267804415100E+01
 327 0.19777596454767E+01 0.40751751846698E+00 -.35393582916559E+01
 328 0.20266103087200E+01 0.39120961944367E+00 -.34540434191746E+01
 329 0.20766675833454E+01 0.37508793034583E+00 -.33707850289447E+01
 330 0.21279612726540E+01 0.35917511011333E+00 -.32895335502456E+01
 331 0.21805219160886E+01 0.34349292096768E+00 -.32102406072425E+01
 332 0.22343808074159E+01 0.32806218415438E+00 -.31328589901828E+01
 333 0.22895700133591E+01 0.31290273643750E+00 -.30573426272877E+01
 334 0.23461223926891E+01 0.29803338747148E+00 -.29836465573213E+01
 335 0.24040716157885E+01 0.28347187823782E+00 -.29117269028213E+01
 336 0.24634521846985E+01 0.26923484079486E+00 -.28415408439750E+01
 337 0.25242994536605E+01 0.25533775964453E+00 -.27730465931248E+01
 338 0.25866496501660E+01 0.24179493507146E+00 -.27062033698885E+01
 339 0.26505398965251E+01 0.22861944885328E+00 -.26409713768795E+01
 340 0.27160082319692E+01 0.21582313277738E+00 -.25773117760120E+01
 341 0.27830936352989E+01 0.20341654042681E+00 -.25151866653772E+01
 342 0.28518360480907E+01 0.19140892271467E+00 -.24545590566772E+01
 343 0.29222763984786E+01 0.17980820765400E+00 -.23953928532031E+01
 344 0.29944566255210E+01 0.16862098484516E+00 -.23376528283430E+01
 345 0.30684197041714E+01 0.15785249514777E+00 -.22813046046092E+01
 346 0.31442096708644E+01 0.14750662597691E+00 -.22263146331699E+01
 347 0.32218716497348E+01 0.13758591262540E+00 -.21726501738752E+01
 348 0.33014518794832E+01 0.12809154596471E+00 -.21202792757638E+01
 349 0.33829977409064E+01 0.11902338681794E+00 -.20691707580402E+01
 350 0.34665577851068E+01 0.11037998722930E+00 -.20192941915099E+01
 351 0.35521817623990E+01 0.10215861877735E+00 -.19706198804625E+01
 352 0.36399206519302E+01 0.94355307994978E-01 -.19231188449912E+01
 353 0.37298266920329E+01 0.86964878868466E-01 -.18767628037388E+01
 354 0.38219534113261E+01 0.79981002293943E-01 -.18315241570595E+01
 355 0.39163556605859E+01 0.73396252272266E-01 -.17873759705860E+01
 356 0.40130896454023E+01 0.67202168526071E-01 -.17442919591939E+01
 357 0.41122129596438E+01 0.61389325126437E-01 -.17022464713515E+01
 358 0.42137846197470E+01 0.55947404623885E-01 -.16612144738475E+01
 359 0.43178650998547E+01 0.50865277090948E-01 -.16211715368864E+01
 360 0.44245163678211E+01 0.46131083403506E-01 -.15820938195437E+01
 361 0.45338019221063E+01 0.41732322017203E-01 -.15439580555711E+01
 362 0.46457868295824E+01 0.37655938435379E-01 -.15067415395443E+01
 363 0.47605377642730E+01 0.33888416517510E-01 -.14704221133447E+01
 364 0.48781230470506E+01 0.30415870743503E-01 -.14349781529665E+01
 365 0.49986126863127E+01 0.27224138530222E-01 -.14003885556421E+01
 366 0.51220784196647E+01 0.24298871693082E-01 -.13666327272783E+01
 367 0.52485937566304E+01 0.21625626157539E-01 -.13336905701945E+01
 368 0.53782340224191E+01 0.19189949052927E-01 -.13015424711570E+01
 369 0.55110764027729E+01 0.16977462363624E-01 -.12701692897014E+01
 370 0.56471999899214E+01 0.14973942369283E-01 -.12395523467370E+01
 371 0.57866858296724E+01 0.13165394175475E-01 -.12096734134254E+01
 372 0.59296169696653E+01 0.11538120717104E-01 -.11805147003273E+01
 373 0.60760785088161E+01 0.10078785707501E-01 -.11520588468110E+01
 374 0.62261576479838E+01 0.87744701041583E-02 -.11242889107164E+01
 375 0.63799437418890E+01 0.76127217654761E-02 -.10971883582672E+01
 376 0.65375283523137E+01 0.65815980792826E-02 -.10707410542277E+01
 377 0.66990053026158E+01 0.56697014510751E-02 -.10449312522960E+01
 378 0.68644707335905E+01 0.48662076455114E-02 -.10197435857285E+01
 379 0.70340231607101E+01 0.41608870765804E-02 -.99516305819121E+00
 380 0.72077635327797E+01 0.35441192380301E-02 -.97117503483089E+00
 381 0.73857952920393E+01 0.30069005542485E-02 -.94776523356191E+00
 382 0.75682244357527E+01 0.25408460113021E-02 -.92491971656281E+00
 383 0.77551595793158E+01 0.21381849969778E-02 -.90262488197796E+00
 384 0.79467120209249E+01 0.17917518364622E-02 -.88086745581922E+00
 385 0.81429958078417E+01 0.14949715560771E-02 -.85963448406287E+00
 386 0.83441278042954E+01 0.12418414409515E-02 -.83891332493693E+00
 387 0.85502277610615E+01 0.10269089736143E-02 -.81869164139448E+00
 388 0.87614183867598E+01 0.84524674953230E-03 -.79895739376840E+00
 389 0.89778254209127E+01 0.69242496315772E-03 -.77969883260310E+00
 390 0.91995777088093E+01 0.56448204488058E-03 -.76090449165912E+00
 391 0.94268072782169E+01 0.45789400643048E-03 -.74256318108629E+00
 392 0.96596494179888E+01 0.36954302092311E-03 -.72466398076148E+00
 393 0.98982427586131E+01 0.29668572520933E-03 -.70719623378694E+00
 394 0.10142729354751E+02 0.23692168786216E-03 -.69014954014535E+00
 395 0.10393254769813E+02 0.18816243746800E-03 -.67351375050781E+00
 396 0.10649968162628E+02 0.14860139431164E-03 -.65727896019109E+00
 397 0.10913022376245E+02 0.11668499546291E-03 -.64143550326055E+00
 398 0.11182574028938E+02 0.91085250009427E-04 -.62597394677520E+00
 399 0.11458783607453E+02 0.70673908956262E-04 -.61088508517147E+00
 400 0.11741815562557E+02 0.54498384216609E-04 -.59615993478234E+00
 401 0.12031838406952E+02 0.41759504084634E-04 -.58178972848867E+00
 402 0.12329024815603E+02 0.31791149381865E-04 -.56776591049934E+00
 403 0.12633551728549E+02 0.24041775697729E-04 -.55408013125728E+00
 404 0.12945600456244E+02 0.18057793220935E-04 -.54072424246831E+00
 405 0.13265356787513E+02 0.13468746826161E-04 -.52769029224975E+00
 406 0.13593011100165E+02 0.99742154186482E-05 -.51497052039596E+00
 407 0.13928758474339E+02 0.73323309777465E-05 -.50255735375814E+00
 408 0.14272798808655E+02 0.53498040599128E-05 -.49044340173528E+00
 409 0.14625336939229E+02 0.38733334551721E-05 -.47862145187399E+00
 410 0.14986582761628E+02 0.27822725551273E-05 -.46708446557430E+00
 411 0.15356751355840E+02 0.19824246845928E-05 -.45582557389900E+00
 412 0.15736063114329E+02 0.14008376592883E-05 -.44483807348394E+00
 413 0.16124743873253E+02 0.98148310569712E-06 -.43411542254703E+00
 414 0.16523025046923E+02 0.68169509969300E-06 -.42365123699330E+00
 415 0.16931143765581E+02 0.46926234533782E-06 -.41343928661393E+00
 416 0.17349343016591E+02 0.32008247396897E-06 -.40347349137692E+00
 417 0.17777871789101E+02 0.21628557616776E-06 -.39374791780709E+00
 418 0.18216985222292E+02 0.14474602380866E-06 -.38425677545339E+00
 419 0.18666944757283E+02 0.95914724964722E-07 -.37499441344139E+00
 420 0.19128018292787E+02 0.00000000000000E+00 -.36595531710880E+00
 421 0.19600480344619E+02 0.00000000000000E+00 -.35713410472216E+00
 422 0.20084612209131E+02 0.00000000000000E+00 -.34852552427263E+00
 423 0.20580702130697E+02 0.00000000000000E+00 -.34012445034901E+00
 424 0.21089045473325E+02 0.00000000000000E+00 -.33192588108618E+00
 425 0.21609944896516E+02 0.00000000000000E+00 -.32392493518706E+00
 426 0.22143710535460E+02 0.00000000000000E+00 -.31611684901636E+00
 427 0.22690660185686E+02 0.00000000000000E+00 -.30849697376438E+00
 428 0.23251119492273E+02 0.00000000000000E+00 -.30106077267920E+00
 429 0.23825422143732E+02 0.00000000000000E+00 -.29380381836557E+00
 430 0.24413910070682E+02 0.00000000000000E+00 -.28672179014889E+00
 431 0.25016933649428E+02 0.00000000000000E+00 -.27981047150277E+00
 432 0.25634851910569E+02 0.00000000000000E+00 -.27306574753857E+00
 433 0.26268032752760E+02 0.00000000000000E+00 -.26648360255545E+00
 434 0.26916853161753E+02 0.00000000000000E+00 -.26006011764951E+00
 435 0.27581699434848E+02 0.00000000000000E+00 -.25379146838051E+00
 436 0.28262967410889E+02 0.00000000000000E+00 -.24767392249489E+00
 437 0.28961062705938E+02 0.00000000000000E+00 -.24170383770361E+00
 438 0.29676400954774E+02 0.00000000000000E+00 -.23587765951362E+00
 439 0.30409408058357E+02 0.00000000000000E+00 -.23019191911156E+00
 440 0.31160520437399E+02 0.00000000000000E+00 -.22464323129849E+00
 441 0.31930185292202E+02 0.00000000000000E+00 -.21922829247438E+00
 442 0.32718860868920E+02 0.00000000000000E+00 -.21394387867120E+00
 443 0.33527016732382E+02 0.00000000000000E+00 -.20878684363345E+00
 444 0.34355134045672E+02 0.00000000000000E+00 -.20375411694491E+00
 445 0.35203705856600E+02 0.00000000000000E+00 -.19884270220056E+00
 446 0.36073237391258E+02 0.00000000000000E+00 -.19404967522256E+00
 447 0.36964246354822E+02 0.00000000000000E+00 -.18937218231927E+00
 448 0.37877263239786E+02 0.00000000000000E+00 -.18480743858619E+00
 449 0.38812831641809E+02 0.00000000000000E+00 -.18035272624787E+00
 450 0.39771508583362E+02 0.00000000000000E+00 -.17600539303979E+00
 451 0.40753864845371E+02 0.00000000000000E+00 -.17176285062925E+00
 452 0.41760485307051E+02 0.00000000000000E+00 -.16762257307431E+00
 453 0.42791969294136E+02 0.00000000000000E+00 -.16358209531991E+00
 454 0.43848930935701E+02 0.00000000000000E+00 -.15963901173017E+00
 455 0.44931999529813E+02 0.00000000000000E+00 -.15579097465617E+00
 456 0.46041819918199E+02 0.00000000000000E+00 -.15203569303813E+00
 457 0.47179052870178E+02 0.00000000000000E+00 -.14837093104140E+00
 458 0.48344375476072E+02 0.00000000000000E+00 -.14479450672529E+00
 459 0.49538481550331E+02 0.00000000000000E+00 -.14130429074391E+00
 460 0.50762082044624E+02 0.00000000000000E+00 -.13789820507848E+00
 461 0.52015905471126E+02 0.00000000000000E+00 -.13457422180002E+00
 462 0.53300698336263E+02 0.00000000000000E+00 -.13133036186202E+00
 463 0.54617225585169E+02 0.00000000000000E+00 -.12816469392215E+00
 464 0.55966271057122E+02 0.00000000000000E+00 -.12507533319230E+00
 465 0.57348637952233E+02 0.00000000000000E+00 -.12206044031648E+00
 466 0.58765149309653E+02 0.00000000000000E+00 -.11911822027567E+00
 467 0.60216648497602E+02 0.00000000000000E+00 -.11624692131909E+00
 468 0.61703999715493E+02 0.00000000000000E+00 -.11344483392123E+00
 469 0.63228088508465E+02 0.00000000000000E+00 -.11071028976406E+00
 470 0.64789822294624E+02 0.00000000000000E+00 -.10804166074369E+00
 471 0.66390130905302E+02 0.00000000000000E+00 -.10543735800107E+00
 472 0.68029967138663E+02 0.00000000000000E+00 -.10289583097596E+00
 473 0.69710307326988E+02 0.00000000000000E+00 -.10041556648381E+00
 474 0.71432151917964E+02 0.00000000000000E+00 -.97995087814785E-01
 475 0.73196526070338E+02 0.00000000000000E+00 -.95632953854577E-01
 476 0.75004480264275E+02 0.00000000000000E+00 -.93327758226385E-01
 477 0.76857090926803E+02 0.00000000000000E+00 -.91078128453582E-01
477  0.10247000000000E+01
   1 0.69444444444444E-03 0.75791825281645E-09 -.14818966413174E+02
   2 0.71159722222222E-03 0.81547861162989E-09 -.14818966751251E+02
   3 0.72917367361111E-03 0.87741041141923E-09 -.14818967065298E+02
   4 0.74718426334931E-03 0.94404564275225E-09 -.14818967355102E+02
   5 0.76563971465403E-03 0.10157415603634E-08 -.14818967620413E+02
   6 0.78455101560599E-03 0.10928824479377E-08 -.14818967860945E+02
   7 0.80392942569146E-03 0.11758818256033E-08 -.14818968076377E+02
   8 0.82378648250603E-03 0.12651846182161E-08 -.14818968266349E+02
   9 0.84413400862393E-03 0.13612695405821E-08 -.14818968430460E+02
  10 0.86498411863694E-03 0.14646516636154E-08 -.14818968568269E+02
  11 0.88634922636728E-03 0.15758851754060E-08 -.14818968679294E+02
  12 0.90824205225855E-03 0.16955663519784E-08 -.14818968763005E+02
  13 0.93067563094934E-03 0.18243367536638E-08 -.14818968818831E+02
  14 0.95366331903378E-03 0.19628866642211E-08 -.14818968846149E+02
  15 0.97721880301392E-03 0.21119587911402E-08 -.14818968844288E+02
  16 0.10013561074484E-02 0.22723522469656E-08 -.14818968812525E+02
  17 0.10260896033023E-02 0.24449268329798E-08 -.14818968750083E+02
  18 0.10514340165039E-02 0.26306076482106E-08 -.14818968656130E+02
  19 0.10774044367116E-02 0.28303900484681E-08 -.14818968529774E+02
  20 0.11040163262983E-02 0.30453449819944E-08 -.14818968370061E+02
  21 0.11312855295579E-02 0.32766247303277E-08 -.14818968175977E+02
  22 0.11592282821380E-02 0.35254690851534E-08 -.14818967946437E+02
  23 0.11878612207068E-02 0.37932119942549E-08 -.14818967680290E+02
  24 0.12172013928582E-02 0.40812887121877E-08 -.14818967376311E+02
  25 0.12472662672618E-02 0.43912434940075E-08 -.14818967033198E+02
  26 0.12780737440632E-02 0.47247378732955E-08 -.14818966649572E+02
  27 0.13096421655416E-02 0.50835595688527E-08 -.14818966223970E+02
  28 0.13419903270304E-02 0.54696320678087E-08 -.14818965754841E+02
  29 0.13751374881081E-02 0.58850249365116E-08 -.14818965240547E+02
  30 0.14091033840644E-02 0.63319649144733E-08 -.14818964679350E+02
  31 0.14439082376508E-02 0.68128478508337E-08 -.14818964069416E+02
  32 0.14795727711207E-02 0.73302515473313E-08 -.14818963408807E+02
  33 0.15161182185674E-02 0.78869495766211E-08 -.14818962695474E+02
  34 0.15535663385660E-02 0.84859261500110E-08 -.14818961927256E+02
  35 0.15919394271286E-02 0.91303921143145E-08 -.14818961101871E+02
  36 0.16312603309787E-02 0.98238021635650E-08 -.14818960216912E+02
  37 0.16715524611539E-02 0.10569873357855E-07 -.14818959269841E+02
  38 0.17128398069444E-02 0.11372605048567E-07 -.14818958257984E+02
  39 0.17551469501759E-02 0.12236300316791E-07 -.14818957178519E+02
  40 0.17984990798452E-02 0.13165589039869E-07 -.14818956028478E+02
  41 0.18429220071174E-02 0.14165452709673E-07 -.14818954804729E+02
  42 0.18884421806932E-02 0.15241251135683E-07 -.14818953503979E+02
  43 0.19350867025563E-02 0.16398751175980E-07 -.14818952122757E+02
  44 0.19828833441095E-02 0.17644157650156E-07 -.14818950657412E+02
  45 0.20318605627090E-02 0.18984146599858E-07 -.14818949104099E+02
  46 0.20820475186079E-02 0.20425901075223E-07 -.14818947458775E+02
  47 0.21334740923175E-02 0.21977149639048E-07 -.14818945717185E+02
  48 0.21861709023977E-02 0.23646207795063E-07 -.14818943874851E+02
  49 0.22401693236870E-02 0.25442022562379E-07 -.14818941927065E+02
  50 0.22955015059820E-02 0.27374220435027E-07 -.14818939868877E+02
  51 0.23522003931798E-02 0.29453158983653E-07 -.14818937695078E+02
  52 0.24102997428913E-02 0.31689982375956E-07 -.14818935400195E+02
  53 0.24698341465407E-02 0.34096681113461E-07 -.14818932978471E+02
  54 0.25308390499603E-02 0.36686156304807E-07 -.14818930423856E+02
  55 0.25933507744943E-02 0.39472288820055E-07 -.14818927729990E+02
  56 0.26574065386243E-02 0.42470013696672E-07 -.14818924890188E+02
  57 0.27230444801283E-02 0.45695400195996E-07 -.14818921897423E+02
  58 0.27903036787875E-02 0.49165737939276E-07 -.14818918744313E+02
  59 0.28592241796536E-02 0.52899629584951E-07 -.14818915423099E+02
  60 0.29298470168910E-02 0.56917090543891E-07 -.14818911925626E+02
  61 0.30022142382082E-02 0.61239656267054E-07 -.14818908243330E+02
  62 0.30763689298920E-02 0.65890497680575E-07 -.14818904367209E+02
  63 0.31523552424603E-02 0.70894545386974E-07 -.14818900287807E+02
  64 0.32302184169491E-02 0.76278623298146E-07 -.14818895995190E+02
  65 0.33100048118477E-02 0.82071592416345E-07 -.14818891478921E+02
  66 0.33917619307003E-02 0.88304505533741E-07 -.14818886728037E+02
  67 0.34755384503886E-02 0.95010773679648E-07 -.14818881731021E+02
  68 0.35613842501132E-02 0.10222634520747E-06 -.14818876475777E+02
  69 0.36493504410910E-02 0.10998989848115E-06 -.14818870949598E+02
  70 0.37394893969860E-02 0.11834304919370E-06 -.14818865139137E+02
  71 0.38318547850915E-02 0.12733057342904E-06 -.14818859030378E+02
  72 0.39265015982833E-02 0.13700064766227E-06 -.14818852608597E+02
  73 0.40234861877609E-02 0.14740510698476E-06 -.14818845858331E+02
  74 0.41228662965986E-02 0.15859972293785E-06 -.14818838763341E+02
  75 0.42247010941246E-02 0.17064450244379E-06 -.14818831306572E+02
  76 0.43290512111494E-02 0.18360400943616E-06 -.14818823470112E+02
  77 0.44359787760648E-02 0.19754771091293E-06 -.14818815235151E+02
  78 0.45455474518336E-02 0.21255034926675E-06 -.14818806581936E+02
  79 0.46578224738939E-02 0.22869234288742E-06 -.14818797489722E+02
  80 0.47728706889991E-02 0.24606021718323E-06 -.14818787936727E+02
  81 0.48907605950174E-02 0.26474706833049E-06 -.14818777900074E+02
  82 0.50115623817143E-02 0.28485306223629E-06 -.14818767355743E+02
  83 0.51353479725427E-02 0.30648597138774E-06 -.14818756278510E+02
  84 0.52621910674645E-02 0.32976175246411E-06 -.14818744641890E+02
  85 0.53921671868308E-02 0.35480516780654E-06 -.14818732418069E+02
  86 0.55253537163456E-02 0.38175045407488E-06 -.14818719577844E+02
  87 0.56618299531393E-02 0.41074204167389E-06 -.14818706090552E+02
  88 0.58016771529818E-02 0.44193532880302E-06 -.14818691923995E+02
  89 0.59449785786605E-02 0.47549751427632E-06 -.14818677044365E+02
  90 0.60918195495534E-02 0.51160849357389E-06 -.14818661416167E+02
  91 0.62422874924274E-02 0.55046182292466E-06 -.14818645002128E+02
  92 0.63964719934903E-02 0.59226575658482E-06 -.14818627763118E+02
  93 0.65544648517295E-02 0.63724436286766E-06 -.14818609658048E+02
  94 0.67163601335673E-02 0.68563872490256E-06 -.14818590643781E+02
  95 0.68822542288664E-02 0.73770823255422E-06 -.14818570675025E+02
  96 0.70522459083194E-02 0.79373197242111E-06 -.14818549704226E+02
  97 0.72264363822548E-02 0.85401022335727E-06 -.14818527681460E+02
  98 0.74049293608965E-02 0.91886606552601E-06 -.14818504554311E+02
  99 0.75878311161107E-02 0.98864711160199E-06 -.14818480267748E+02
 100 0.77752505446786E-02 0.10637273693913E-05 -.14818454763999E+02
 101 0.79672992331322E-02 0.11445092458429E-05 -.14818427982408E+02
 102 0.81640915241905E-02 0.12314257031801E-05 -.14818399859301E+02
 103 0.83657445848381E-02 0.13249425786960E-05 -.14818370327827E+02
 104 0.85723784760836E-02 0.14255610806314E-05 -.14818339317808E+02
 105 0.87841162244428E-02 0.15338204734943E-05 -.14818306755570E+02
 106 0.90010838951866E-02 0.16503009671957E-05 -.14818272563773E+02
 107 0.92234106673977E-02 0.17756268254639E-05 -.14818236661227E+02
 108 0.94512289108824E-02 0.19104697101724E-05 -.14818198962703E+02
 109 0.96846742649812E-02 0.20555522794790E-05 -.14818159378731E+02
 110 0.99238857193262E-02 0.22116520590273E-05 -.14818117815397E+02
 111 0.10169005696594E-01 0.23796056069239E-05 -.14818074174115E+02
 112 0.10420180137299E-01 0.25603129947731E-05 -.14818028351402E+02
 113 0.10677558586691E-01 0.27547426287378E-05 -.14817980238637E+02
 114 0.10941294283782E-01 0.29639364364157E-05 -.14817929721804E+02
 115 0.11211544252591E-01 0.31890154472668E-05 -.14817876681229E+02
 116 0.11488469395630E-01 0.34311857964378E-05 -.14817820991302E+02
 117 0.11772234589702E-01 0.36917451840799E-05 -.14817762520183E+02
 118 0.12063008784068E-01 0.39720898246970E-05 -.14817701129500E+02
 119 0.12360965101035E-01 0.42737219236669E-05 -.14817636674023E+02
 120 0.12666280939030E-01 0.45982577208980E-05 -.14817569001333E+02
 121 0.12979138078224E-01 0.49474361446034E-05 -.14817497951465E+02
 122 0.13299722788756E-01 0.53231281214305E-05 -.14817423356545E+02
 123 0.13628225941639E-01 0.57273465926811E-05 -.14817345040396E+02
 124 0.13964843122397E-01 0.61622572901210E-05 -.14817262818139E+02
 125 0.14309774747520E-01 0.66301903289236E-05 -.14817176495767E+02
 126 0.14663226183784E-01 0.71336526796449E-05 -.14817085869696E+02
 127 0.15025407870524E-01 0.76753415858061E-05 -.14816990726306E+02
 128 0.15396535444925E-01 0.82581589986946E-05 -.14816890841450E+02
 129 0.15776829870415E-01 0.88852271064026E-05 -.14816785979943E+02
 130 0.16166517568214E-01 0.95599050399462E-05 -.14816675895028E+02
 131 0.16565830552149E-01 0.10285806845562E-04 -.14816560327818E+02
 132 0.16975006566787E-01 0.11066820819006E-04 -.14816439006708E+02
 133 0.17394289228987E-01 0.11907130304921E-04 -.14816311646765E+02
 134 0.17823928172943E-01 0.12811236072103E-04 -.14816177949083E+02
 135 0.18264179198815E-01 0.13783980383872E-04 -.14816037600115E+02
 136 0.18715304425025E-01 0.14830572891747E-04 -.14815890270973E+02
 137 0.19177572444324E-01 0.15956618490257E-04 -.14815735616690E+02
 138 0.19651258483698E-01 0.17168147281167E-04 -.14815573275456E+02
 139 0.20136644568246E-01 0.18471646806510E-04 -.14815402867816E+02
 140 0.20634019689081E-01 0.19874096721850E-04 -.14815223995832E+02
 141 0.21143679975402E-01 0.21383006094110E-04 -.14815036242207E+02
 142 0.21665928870794E-01 0.23006453522144E-04 -.14814839169370E+02
 143 0.22201077313903E-01 0.24753130293159E-04 -.14814632318523E+02
 144 0.22749443923556E-01 0.26632386804107E-04 -.14814415208641E+02
 145 0.23311355188468E-01 0.28654282494361E-04 -.14814187335436E+02
 146 0.23887145661623E-01 0.30829639554524E-04 -.14813948170265E+02
 147 0.24477158159465E-01 0.33170100696046E-04 -.14813697158999E+02
 148 0.25081743966004E-01 0.35688191287728E-04 -.14813433720843E+02
 149 0.25701263041964E-01 0.38397386188076E-04 -.14813157247104E+02
 150 0.26336084239101E-01 0.41312181627161E-04 -.14812867099905E+02
 151 0.26986585519806E-01 0.44448172518075E-04 -.14812562610846E+02
 152 0.27653154182146E-01 0.47822135606518E-04 -.14812243079616E+02
 153 0.28336187090445E-01 0.51452118897563E-04 -.14811907772536E+02
 154 0.29036090911579E-01 0.55357537831472E-04 -.14811555921052E+02
 155 0.29753282357095E-01 0.59559278715582E-04 -.14811186720165E+02
 156 0.30488188431315E-01 0.64079809957121E-04 -.14810799326795E+02
 157 0.31241246685568E-01 0.68943301682368E-04 -.14810392858086E+02
 158 0.32012905478702E-01 0.74175754371117E-04 -.14809966389635E+02
 159 0.32803624244026E-01 0.79805137182152E-04 -.14809518953666E+02
 160 0.33613873762853E-01 0.85861536695590E-04 -.14809049537125E+02
 161 0.34444136444796E-01 0.92377316851773E-04 -.14808557079703E+02
 162 0.35294906614982E-01 0.99387290924108E-04 -.14808040471788E+02
 163 0.36166690808372E-01 0.10692890642520E-03 -.14807498552346E+02
 164 0.37060008071339E-01 0.11504244391197E-03 -.14806930106715E+02
 165 0.37975390270701E-01 0.12377123072687E-03 -.14806333864330E+02
 166 0.38913382410387E-01 0.13316187078820E-03 -.14805708496360E+02
 167 0.39874542955924E-01 0.14326449162505E-03 -.14805052613269E+02
 168 0.40859444166935E-01 0.15413300993932E-03 -.14804364762288E+02
 169 0.41868672437859E-01 0.16582541707185E-03 -.14803643424809E+02
 170 0.42902828647074E-01 0.17840408585006E-03 -.14802887013680E+02
 171 0.43962528514657E-01 0.19193610040217E-03 -.14802093870428E+02
 172 0.45048402968969E-01 0.20649361063886E-03 -.14801262262373E+02
 173 0.46161098522302E-01 0.22215421322628E-03 -.14800390379665E+02
 174 0.47301277655803E-01 0.23900136100696E-03 -.14799476332216E+02
 175 0.48469619213901E-01 0.25712480296618E-03 -.14798518146546E+02
 176 0.49666818808485E-01 0.27662105699279E-03 -.14797513762519E+02
 177 0.50893589233054E-01 0.29759391784515E-03 -.14796461029985E+02
 178 0.52150660887111E-01 0.32015500290538E-03 -.14795357705320E+02
 179 0.53438782211022E-01 0.34442433848997E-03 -.14794201447850E+02
 180 0.54758720131634E-01 0.37053098968162E-03 -.14792989816169E+02
 181 0.56111260518886E-01 0.39861373685757E-03 -.14791720264346E+02
 182 0.57497208653702E-01 0.42882180231423E-03 -.14790390137997E+02
 183 0.58917389707449E-01 0.46131563062704E-03 -.14788996670244E+02
 184 0.60372649233223E-01 0.49626772663961E-03 -.14787536977531E+02
 185 0.61863853669283E-01 0.53386355524791E-03 -.14786008055296E+02
 186 0.63391890854915E-01 0.57430250743448E-03 -.14784406773492E+02
 187 0.64957670559031E-01 0.61779893731542E-03 -.14782729871939E+02
 188 0.66562125021839E-01 0.66458327528993E-03 -.14780973955496E+02
 189 0.68206209509879E-01 0.71490322273011E-03 -.14779135489032E+02
 190 0.69890902884772E-01 0.76902503401741E-03 -.14777210792182E+02
 191 0.71617208186026E-01 0.82723489212393E-03 -.14775196033859E+02
 192 0.73386153228221E-01 0.88984038435128E-03 -.14773087226495E+02
 193 0.75198791212958E-01 0.95717208527953E-03 -.14770880219983E+02
 194 0.77056201355918E-01 0.10295852544427E-02 -.14768570695282E+02
 195 0.78959489529410E-01 0.11074616567391E-02 -.14766154157639E+02
 196 0.80909788920786E-01 0.11912115141013E-02 -.14763625929383E+02
 197 0.82908260707129E-01 0.12812755974990E-02 -.14760981142230E+02
 198 0.84956094746595E-01 0.13781274689198E-02 -.14758214729047E+02
 199 0.87054510286836E-01 0.14822758835782E-02 -.14755321414986E+02
 200 0.89204756690921E-01 0.15942673632369E-02 -.14752295707921E+02
 201 0.91408114181187E-01 0.17146889521859E-02 -.14749131888075E+02
 202 0.93665894601462E-01 0.18441711681201E-02 -.14745823996762E+02
 203 0.95979442198118E-01 0.19833911608758E-02 -.14742365824092E+02
 204 0.98350134420412E-01 0.21330760927417E-02 -.14738750895534E+02
 205 0.10077938274060E+00 0.22940067548350E-02 -.14734972457169E+02
 206 0.10326863349429E+00 0.24670214348427E-02 -.14731023459487E+02
 207 0.10581936874160E+00 0.26530200522578E-02 -.14726896539533E+02
 208 0.10843310714952E+00 0.28529685780908E-02 -.14722584001199E+02
 209 0.11111140489611E+00 0.30679037569107E-02 -.14718077793458E+02
 210 0.11385585659704E+00 0.32989381499542E-02 -.14713369486269E+02
 211 0.11666809625499E+00 0.35472655189366E-02 -.14708450243910E+02
 212 0.11954979823249E+00 0.38141665710995E-02 -.14703310795427E+02
 213 0.12250267824883E+00 0.41010150869213E-02 -.14697941401904E+02
 214 0.12552849440158E+00 0.44092844528031E-02 -.14692331820172E+02
 215 0.12862904821329E+00 0.47405546219000E-02 -.14686471262629E+02
 216 0.13180618570416E+00 0.50965195270932E-02 -.14680348352722E+02
 217 0.13506179849106E+00 0.54789949708749E-02 -.14673951075686E+02
 218 0.13839782491378E+00 0.58899270176276E-02 -.14667266724066E+02
 219 0.14181625118916E+00 0.63314009144077E-02 -.14660281837511E+02
 220 0.14531911259353E+00 0.68056505668656E-02 -.14652982136327E+02
 221 0.14890849467459E+00 0.73150685973237E-02 -.14645352448211E+02
 222 0.15258653449305E+00 0.78622170122733E-02 -.14637376627575E+02
 223 0.15635542189503E+00 0.84498385065913E-02 -.14629037466821E+02
 224 0.16021740081584E+00 0.90808684316051E-02 -.14620316598918E+02
 225 0.16417477061599E+00 0.97584474536856E-02 -.14611194390579E+02
 226 0.16822988745020E+00 0.10485934929303E-01 -.14601649825318E+02
 227 0.17238516567022E+00 0.11266923021366E-01 -.14591660375655E+02
 228 0.17664307926228E+00 0.12105251580156E-01 -.14581201863679E+02
 229 0.18100616332005E+00 0.13005023810159E-01 -.14570248309210E+02
 230 0.18547701555406E+00 0.13970622741596E-01 -.14558771764755E+02
 231 0.19005829783824E+00 0.15006728522303E-01 -.14546742136455E+02
 232 0.19475273779485E+00 0.16118336541794E-01 -.14534126990260E+02
 233 0.19956313041838E+00 0.17310776394787E-01 -.14520891342522E+02
 234 0.20449233973972E+00 0.18589731686030E-01 -.14506997434302E+02
 235 0.20954330053129E+00 0.19961260671908E-01 -.14492404488680E+02
 236 0.21471902005441E+00 0.21431817726933E-01 -.14477068450439E+02
 237 0.22002257984975E+00 0.23008275614722E-01 -.14460941707605E+02
 238 0.22545713757204E+00 0.24697948533354E-01 -.14443972794407E+02
 239 0.23102592887007E+00 0.26508615894001E-01 -.14426106075396E+02
 240 0.23673226931316E+00 0.28448546779378E-01 -.14407281410625E+02
 241 0.24257955636520E+00 0.30526525014768E-01 -.14387433802041E+02
 242 0.24857127140742E+00 0.32751874769121E-01 -.14366493021487E+02
 243 0.25471098181118E+00 0.35134486587007E-01 -.14344383221060E+02
 244 0.26100234306192E+00 0.37684843734014E-01 -.14321022526937E+02
 245 0.26744910093555E+00 0.40414048718619E-01 -.14296322618277E+02
 246 0.27405509372866E+00 0.43333849832728E-01 -.14270188293295E+02
 247 0.28082425454375E+00 0.46456667531250E-01 -.14242517025260E+02
 248 0.28776061363098E+00 0.49795620448471E-01 -.14213198511885E+02
 249 0.29486830078767E+00 0.53364550826083E-01 -.14182114222379E+02
 250 0.30215154781712E+00 0.57178049105122E-01 -.14149136947384E+02
 251 0.30961469104821E+00 0.61251477412379E-01 -.14114130358085E+02
 252 0.31726217391710E+00 0.65600991652149E-01 -.14076948581952E+02
 253 0.32509854961285E+00 0.70243561897528E-01 -.14037435803922E+02
 254 0.33312848378829E+00 0.75196990763368E-01 -.13995425903286E+02
 255 0.34135675733786E+00 0.80479929437149E-01 -.13950742138180E+02
 256 0.34978826924410E+00 0.86111891046502E-01 -.13903196891340E+02
 257 0.35842803949443E+00 0.92113261055492E-01 -.13852591492685E+02
 258 0.36728121206995E+00 0.98505304408759E-01 -.13798716136357E+02
 259 0.37635305800807E+00 0.10531016918668E+00 -.13741349911991E+02
 260 0.38564897854087E+00 0.11255088659966E+00 -.13680260972276E+02
 261 0.39517450831083E+00 0.12025136723948E+00 -.13615206861192E+02
 262 0.40493531866611E+00 0.12843639362561E+00 -.13545935029651E+02
 263 0.41493722103716E+00 0.13713160923861E+00 -.13472183567639E+02
 264 0.42518617039678E+00 0.14636350442803E+00 -.13393682184159E+02
 265 0.43568826880558E+00 0.15615939982242E+00 -.13310153468340E+02
 266 0.44644976904508E+00 0.16654742816128E+00 -.13221314466872E+02
 267 0.45747707834049E+00 0.17755651581759E+00 -.13126878614264E+02
 268 0.46877676217550E+00 0.18921636568900E+00 -.13026558053282E+02
 269 0.48035554820124E+00 0.20155744361098E+00 -.12920066383007E+02
 270 0.49222033024181E+00 0.21461097098660E+00 -.12807121871172E+02
 271 0.50437817239878E+00 0.22840892693546E+00 -.12687451165502E+02
 272 0.51683631325703E+00 0.24298406393608E+00 -.12560793535509E+02
 273 0.52960217019448E+00 0.25836994166239E+00 -.12426905671237E+02
 274 0.54268334379828E+00 0.27460098448626E+00 -.12285567058593E+02
 275 0.55608762239010E+00 0.29171256891350E+00 -.12136585941779E+02
 276 0.56982298666313E+00 0.30974114801658E+00 -.11979805871554E+02
 277 0.58389761443371E+00 0.32872442068876E+00 -.11815112823378E+02
 278 0.59831988551023E+00 0.34870155422760E+00 -.11642442851303E+02
 279 0.61309838668233E+00 0.36971346930713E+00 -.11461790221582E+02
 280 0.62824191683338E+00 0.39180319675075E+00 -.11273215943689E+02
 281 0.64375949217917E+00 0.41501631559272E+00 -.11076856585350E+02
 282 0.65966035163599E+00 0.43940148162398E+00 -.10872933221673E+02
 283 0.67595396232140E+00 0.46501105485350E+00 -.10661760325702E+02
 284 0.69265002519074E+00 0.49190183296462E+00 -.10443754357892E+02
 285 0.70975848081295E+00 0.52013589578080E+00 -.10219441753898E+02
 286 0.72728951528903E+00 0.54978156284620E+00 -.99894659423119E+01
 287 0.74525356631667E+00 0.58091446234075E+00 -.97545929447339E+01
 288 0.76366132940469E+00 0.61361870456601E+00 -.95157150178701E+01
 289 0.78252376424099E+00 0.64798814705683E+00 -.92738516888836E+01
 290 0.80185210121774E+00 0.68412773094764E+00 -.90301474091795E+01
 291 0.82165784811782E+00 0.72215485958522E+00 -.87858649072523E+01
 292 0.84195279696633E+00 0.76220078071015E+00 -.85423731599926E+01
 293 0.86274903105140E+00 0.80441192322928E+00 -.83011287307733E+01
 294 0.88405893211837E+00 0.84895112941514E+00 -.80636490575940E+01
 295 0.90589518774169E+00 0.89599871454752E+00 -.78314761462407E+01
 296 0.92827079887891E+00 0.94575328052270E+00 -.76061290855816E+01
 297 0.95119908761122E+00 0.99843221073182E+00 -.73890439427087E+01
 298 0.97469370507522E+00 0.10542717847060E+01 -.71815000510840E+01
 299 0.99876863959057E+00 0.11135268781934E+01 -.69845326773162E+01
 300 0.10234382249885E+01 0.11764702643394E+01 -.67988338294221E+01
 301 0.10487171491457E+01 0.12433916120045E+01 -.66246459456503E+01
 302 0.10746204627296E+01 0.13145963943602E+01 -.64616579000297E+01
 303 0.11011635881590E+01 0.13904050761186E+01 -.63089198489764E+01
 304 0.11283623287865E+01 0.14711531301259E+01 -.61648037652914E+01
 305 0.11562328783075E+01 0.15571926071683E+01 -.60270511162657E+01
 306 0.11847918304017E+01 0.16488960627362E+01 -.58929693894954E+01
 307 0.12140561886127E+01 0.17466634631623E+01 -.57598668670030E+01
 308 0.12440433764714E+01 0.18509319400677E+01 -.56258527995720E+01
 309 0.12747712478702E+01 0.19621863874620E+01 -.54911818423251E+01
 310 0.13062580976926E+01 0.20809659039052E+01 -.53588188318954E+01
 311 0.13385226727056E+01 0.00000000000000E+00 -.52296464401660E+01
 312 0.13715841827215E+01 0.00000000000000E+00 -.51035877399103E+01
 313 0.14054623120347E+01 0.00000000000000E+00 -.49805676637800E+01
 314 0.14401772311420E+01 0.00000000000000E+00 -.48605129578871E+01
 315 0.14757496087512E+01 0.00000000000000E+00 -.47433521369275E+01
 316 0.15122006240873E+01 0.00000000000000E+00 -.46290154407075E+01
 317 0.15495519795023E+01 0.00000000000000E+00 -.45174347919534E+01
 318 0.15878259133960E+01 0.00000000000000E+00 -.44085437553156E+01
 319 0.16270452134569E+01 0.00000000000000E+00 -.43022774974865E+01
 320 0.16672332302292E+01 0.00000000000000E+00 -.41985727483736E+01
 321 0.17084138910159E+01 0.00000000000000E+00 -.40973677632738E+01
 322 0.17506117141240E+01 0.00000000000000E+00 -.39986022860051E+01
 323 0.17938518234629E+01 0.00000000000000E+00 -.39022175129606E+01
 324 0.18381599635024E+01 0.00000000000000E+00 -.38081560580507E+01
 325 0.18835625146009E+01 0.00000000000000E+00 -.37163619185051E+01
 326 0.19300865087115E+01 0.00000000000000E+00 -.36267804415100E+01
 327 0.19777596454767E+01 0.00000000000000E+00 -.35393582916559E+01
 328 0.20266103087200E+01 0.00000000000000E+00 -.34540434191746E+01
 329 0.20766675833454E+01 0.00000000000000E+00 -.33707850289447E+01
 330 0.21279612726540E+01 0.00000000000000E+00 -.32895335502456E+01
 331 0.21805219160886E+01 0.00000000000000E+00 -.32102406072425E+01
 332 0.22343808074159E+01 0.00000000000000E+00 -.31328589901828E+01
 333 0.22895700133591E+01 0.00000000000000E+00 -.30573426272877E+01
 334 0.23461223926891E+01 0.00000000000000E+00 -.29836465573213E+01
 335 0.24040716157885E+01 0.00000000000000E+00 -.29117269028213E+01
 336 0.24634521846985E+01 0.00000000000000E+00 -.28415408439750E+01
 337 0.25242994536605E+01 0.00000000000000E+00 -.27730465931248E+01
 338 0.25866496501660E+01 0.00000000000000E+00 -.27062033698885E+01
 339 0.26505398965251E+01 0.00000000000000E+00 -.26409713768795E+01
 340 0.27160082319692E+01 0.00000000000000E+00 -.25773117760120E+01
 341 0.27830936352989E+01 0.00000000000000E+00 -.25151866653772E+01
 342 0.28518360480907E+01 0.00000000000000E+00 -.24545590566772E+01
 343 0.29222763984786E+01 0.00000000000000E+00 -.23953928532031E+01
 344 0.29944566255210E+01 0.00000000000000E+00 -.23376528283430E+01
 345 0.30684197041714E+01 0.00000000000000E+00 -.22813046046092E+01
 346 0.31442096708644E+01 0.00000000000000E+00 -.22263146331699E+01
 347 0.32218716497348E+01 0.00000000000000E+00 -.21726501738752E+01
 348 0.33014518794832E+01 0.00000000000000E+00 -.21202792757638E+01
 349 0.33829977409064E+01 0.00000000000000E+00 -.20691707580402E+01
 350 0.34665577851068E+01 0.00000000000000E+00 -.20192941915099E+01
 351 0.35521817623990E+01 0.00000000000000E+00 -.19706198804625E+01
 352 0.36399206519302E+01 0.00000000000000E+00 -.19231188449912E+01
 353 0.37298266920329E+01 0.00000000000000E+00 -.18767628037388E+01
 354 0.38219534113261E+01 0.00000000000000E+00 -.18315241570595E+01
 355 0.39163556605859E+01 0.00000000000000E+00 -.17873759705860E+01
 356 0.40130896454023E+01 0.00000000000000E+00 -.17442919591939E+01
 357 0.41122129596438E+01 0.00000000000000E+00 -.17022464713515E+01
 358 0.42137846197470E+01 0.00000000000000E+00 -.16612144738475E+01
 359 0.43178650998547E+01 0.00000000000000E+00 -.16211715368864E+01
 360 0.44245163678211E+01 0.00000000000000E+00 -.15820938195437E+01
 361 0.45338019221063E+01 0.00000000000000E+00 -.15439580555711E+01
 362 0.46457868295824E+01 0.00000000000000E+00 -.15067415395443E+01
 363 0.47605377642730E+01 0.00000000000000E+00 -.14704221133447E+01
 364 0.48781230470506E+01 0.00000000000000E+00 -.14349781529665E+01
 365 0.49986126863127E+01 0.00000000000000E+00 -.14003885556421E+01
 366 0.51220784196647E+01 0.00000000000000E+00 -.13666327272783E+01
 367 0.52485937566304E+01 0.00000000000000E+00 -.13336905701945E+01
 368 0.53782340224191E+01 0.00000000000000E+00 -.13015424711570E+01
 369 0.55110764027729E+01 0.00000000000000E+00 -.12701692897014E+01
 370 0.56471999899214E+01 0.00000000000000E+00 -.12395523467370E+01
 371 0.57866858296724E+01 0.00000000000000E+00 -.12096734134254E+01
 372 0.59296169696653E+01 0.00000000000000E+00 -.11805147003273E+01
 373 0.60760785088161E+01 0.00000000000000E+00 -.11520588468110E+01
 374 0.62261576479838E+01 0.00000000000000E+00 -.11242889107164E+01
 375 0.63799437418890E+01 0.00000000000000E+00 -.10971883582672E+01
 376 0.65375283523137E+01 0.00000000000000E+00 -.10707410542277E+01
 377 0.66990053026158E+01 0.00000000000000E+00 -.10449312522960E+01
 378 0.68644707335905E+01 0.00000000000000E+00 -.10197435857285E+01
 379 0.70340231607101E+01 0.00000000000000E+00 -.99516305819121E+00
 380 0.72077635327797E+01 0.00000000000000E+00 -.97117503483089E+00
 381 0.73857952920393E+01 0.00000000000000E+00 -.94776523356191E+00
 382 0.75682244357527E+01 0.00000000000000E+00 -.92491971656281E+00
 383 0.77551595793158E+01 0.00000000000000E+00 -.90262488197796E+00
 384 0.79467120209249E+01 0.00000000000000E+00 -.88086745581922E+00
 385 0.81429958078417E+01 0.00000000000000E+00 -.85963448406287E+00
 386 0.83441278042954E+01 0.00000000000000E+00 -.83891332493693E+00
 387 0.85502277610615E+01 0.00000000000000E+00 -.81869164139448E+00
 388 0.87614183867598E+01 0.00000000000000E+00 -.79895739376840E+00
 389 0.89778254209127E+01 0.00000000000000E+00 -.77969883260310E+00
 390 0.91995777088093E+01 0.00000000000000E+00 -.76090449165912E+00
 391 0.94268072782169E+01 0.00000000000000E+00 -.74256318108629E+00
 392 0.96596494179888E+01 0.00000000000000E+00 -.72466398076148E+00
 393 0.98982427586131E+01 0.00000000000000E+00 -.70719623378694E+00
 394 0.10142729354751E+02 0.00000000000000E+00 -.69014954014535E+00
 395 0.10393254769813E+02 0.00000000000000E+00 -.67351375050781E+00
 396 0.10649968162628E+02 0.00000000000000E+00 -.65727896019109E+00
 397 0.10913022376245E+02 0.00000000000000E+00 -.64143550326055E+00
 398 0.11182574028938E+02 0.00000000000000E+00 -.62597394677520E+00
 399 0.11458783607453E+02 0.00000000000000E+00 -.61088508517147E+00
 400 0.11741815562557E+02 0.00000000000000E+00 -.59615993478234E+00
 401 0.12031838406952E+02 0.00000000000000E+00 -.58178972848867E+00
 402 0.12329024815603E+02 0.00000000000000E+00 -.56776591049934E+00
 403 0.12633551728549E+02 0.00000000000000E+00 -.55408013125728E+00
 404 0.12945600456244E+02 0.00000000000000E+00 -.54072424246831E+00
 405 0.13265356787513E+02 0.00000000000000E+00 -.52769029224975E+00
 406 0.13593011100165E+02 0.00000000000000E+00 -.51497052039596E+00
 407 0.13928758474339E+02 0.00000000000000E+00 -.50255735375814E+00
 408 0.14272798808655E+02 0.00000000000000E+00 -.49044340173528E+00
 409 0.14625336939229E+02 0.00000000000000E+00 -.47862145187399E+00
 410 0.14986582761628E+02 0.00000000000000E+00 -.46708446557430E+00
 411 0.15356751355840E+02 0.00000000000000E+00 -.45582557389900E+00
 412 0.15736063114329E+02 0.00000000000000E+00 -.44483807348394E+00
 413 0.16124743873253E+02 0.00000000000000E+00 -.43411542254703E+00
 414 0.16523025046923E+02 0.00000000000000E+00 -.42365123699330E+00
 415 0.16931143765581E+02 0.00000000000000E+00 -.41343928661393E+00
 416 0.17349343016591E+02 0.00000000000000E+00 -.40347349137692E+00
 417 0.17777871789101E+02 0.00000000000000E+00 -.39374791780709E+00
 418 0.18216985222292E+02 0.00000000000000E+00 -.38425677545339E+00
 419 0.18666944757283E+02 0.00000000000000E+00 -.37499441344139E+00
 420 0.19128018292787E+02 0.00000000000000E+00 -.36595531710880E+00
 421 0.19600480344619E+02 0.00000000000000E+00 -.35713410472216E+00
 422 0.20084612209131E+02 0.00000000000000E+00 -.34852552427263E+00
 423 0.20580702130697E+02 0.00000000000000E+00 -.34012445034901E+00
 424 0.21089045473325E+02 0.00000000000000E+00 -.33192588108618E+00
 425 0.21609944896516E+02 0.00000000000000E+00 -.32392493518706E+00
 426 0.22143710535460E+02 0.00000000000000E+00 -.31611684901636E+00
 427 0.22690660185686E+02 0.00000000000000E+00 -.30849697376438E+00
 428 0.23251119492273E+02 0.00000000000000E+00 -.30106077267920E+00
 429 0.23825422143732E+02 0.00000000000000E+00 -.29380381836557E+00
 430 0.24413910070682E+02 0.00000000000000E+00 -.28672179014889E+00
 431 0.25016933649428E+02 0.00000000000000E+00 -.27981047150277E+00
 432 0.25634851910569E+02 0.00000000000000E+00 -.27306574753857E+00
 433 0.26268032752760E+02 0.00000000000000E+00 -.26648360255545E+00
 434 0.26916853161753E+02 0.00000000000000E+00 -.26006011764951E+00
 435 0.27581699434848E+02 0.00000000000000E+00 -.25379146838051E+00
 436 0.28262967410889E+02 0.00000000000000E+00 -.24767392249489E+00
 437 0.28961062705938E+02 0.00000000000000E+00 -.24170383770361E+00
 438 0.29676400954774E+02 0.00000000000000E+00 -.23587765951362E+00
 439 0.30409408058357E+02 0.00000000000000E+00 -.23019191911156E+00
 440 0.31160520437399E+02 0.00000000000000E+00 -.22464323129849E+00
 441 0.31930185292202E+02 0.00000000000000E+00 -.21922829247438E+00
 442 0.32718860868920E+02 0.00000000000000E+00 -.21394387867120E+00
 443 0.33527016732382E+02 0.00000000000000E+00 -.20878684363345E+00
 444 0.34355134045672E+02 0.00000000000000E+00 -.20375411694491E+00
 445 0.35203705856600E+02 0.00000000000000E+00 -.19884270220056E+00
 446 0.36073237391258E+02 0.00000000000000E+00 -.19404967522256E+00
 447 0.36964246354822E+02 0.00000000000000E+00 -.18937218231927E+00
 448 0.37877263239786E+02 0.00000000000000E+00 -.18480743858619E+00
 449 0.38812831641809E+02 0.00000000000000E+00 -.18035272624787E+00
 450 0.39771508583362E+02 0.00000000000000E+00 -.17600539303979E+00
 451 0.40753864845371E+02 0.00000000000000E+00 -.17176285062925E+00
 452 0.41760485307051E+02 0.00000000000000E+00 -.16762257307431E+00
 453 0.42791969294136E+02 0.00000000000000E+00 -.16358209531991E+00
 454 0.43848930935701E+02 0.00000000000000E+00 -.15963901173017E+00
 455 0.44931999529813E+02 0.00000000000000E+00 -.15579097465617E+00
 456 0.46041819918199E+02 0.00000000000000E+00 -.15203569303813E+00
 457 0.47179052870178E+02 0.00000000000000E+00 -.14837093104140E+00
 458 0.48344375476072E+02 0.00000000000000E+00 -.14479450672529E+00
 459 0.49538481550331E+02 0.00000000000000E+00 -.14130429074391E+00
 460 0.50762082044624E+02 0.00000000000000E+00 -.13789820507848E+00
 461 0.52015905471126E+02 0.00000000000000E+00 -.13457422180002E+00
 462 0.53300698336263E+02 0.00000000000000E+00 -.13133036186202E+00
 463 0.54617225585169E+02 0.00000000000000E+00 -.12816469392215E+00
 464 0.55966271057122E+02 0.00000000000000E+00 -.12507533319230E+00
 465 0.57348637952233E+02 0.00000000000000E+00 -.12206044031648E+00
 466 0.58765149309653E+02 0.00000000000000E+00 -.11911822027567E+00
 467 0.60216648497602E+02 0.00000000000000E+00 -.11624692131909E+00
 468 0.61703999715493E+02 0.00000000000000E+00 -.11344483392123E+00
 469 0.63228088508465E+02 0.00000000000000E+00 -.11071028976406E+00
 470 0.64789822294624E+02 0.00000000000000E+00 -.10804166074369E+00
 471 0.66390130905302E+02 0.00000000000000E+00 -.10543735800107E+00
 472 0.68029967138663E+02 0.00000000000000E+00 -.10289583097596E+00
 473 0.69710307326988E+02 0.00000000000000E+00 -.10041556648381E+00
 474 0.71432151917964E+02 0.00000000000000E+00 -.97995087814785E-01
 475 0.73196526070338E+02 0.00000000000000E+00 -.95632953854577E-01
 476 0.75004480264275E+02 0.00000000000000E+00 -.93327758226385E-01
 477 0.76857090926803E+02 0.00000000000000E+00 -.91078128453582E-01
