Lithium, fhi98PP : TROULLIER-MARTINS, LDA CA PerdewWang, d-local
 3.000  1.000    021113              zatom,zion,pspdat
 6       7        2    2    433     0  pspcod,pspxc,lmax,lloc,mmax,r2well
 0.0     0.0     0.0                  rchrg, fchrg, qchrg



0.10000000000000E+01   3
  0.0000    0.0000    0.0000   0.0000
  0.0000    .00e+00   .00e+00
  0.0000    .00e+00   .00e+00
  0.0000    .00e+00   .00e+00
  0.0000    .00e+00   .00e+00
  0.0000    .00e+00   .00e+00
  0.0000    .00e+00   .00e+00
  0.0000    .00e+00   .00e+00
  0.0000    .00e+00   .00e+00
  0.0000    .00e+00   .00e+00
433  0.10247000000000E+01
   1 0.20833333333333E-02 0.31229484989825E-03 0.39426903944937E+00
   2 0.21347916666667E-02 0.32000853269074E-03 0.39426902267727E+00
   3 0.21875210208333E-02 0.32791274344820E-03 0.39426900701432E+00
   4 0.22415527900479E-02 0.33601218821137E-03 0.39426899246902E+00
   5 0.22969191439621E-02 0.34431168984418E-03 0.39426897905146E+00
   6 0.23536530468180E-02 0.35281619078784E-03 0.39426896677330E+00
   7 0.24117882770744E-02 0.36153075436996E-03 0.39426895564788E+00
   8 0.24713594475181E-02 0.37046056930313E-03 0.39426894569026E+00
   9 0.25324020258718E-02 0.37961095241994E-03 0.39426893691728E+00
  10 0.25949523559108E-02 0.38898735188764E-03 0.39426892934761E+00
  11 0.26590476791018E-02 0.39859535045337E-03 0.39426892300185E+00
  12 0.27247261567756E-02 0.40844066876899E-03 0.39426891790256E+00
  13 0.27920268928480E-02 0.41852916879819E-03 0.39426891407438E+00
  14 0.28609899571013E-02 0.42886685730773E-03 0.39426891154409E+00
  15 0.29316564090418E-02 0.43945988944508E-03 0.39426891034068E+00
  16 0.30040683223451E-02 0.45031457240440E-03 0.39426891049546E+00
  17 0.30782688099070E-02 0.46143736918328E-03 0.39426891204216E+00
  18 0.31543020495117E-02 0.47283490243217E-03 0.39426891501700E+00
  19 0.32322133101346E-02 0.48451395839918E-03 0.39426891945884E+00
  20 0.33120489788950E-02 0.49648149097229E-03 0.39426892540925E+00
  21 0.33938565886737E-02 0.50874462582151E-03 0.39426893291264E+00
  22 0.34776848464139E-02 0.52131066464353E-03 0.39426894201641E+00
  23 0.35635836621203E-02 0.53418708951129E-03 0.39426895277102E+00
  24 0.36516041785747E-02 0.54738156733108E-03 0.39426896523020E+00
  25 0.37417988017855E-02 0.56090195441000E-03 0.39426897945105E+00
  26 0.38342212321896E-02 0.57475630113620E-03 0.39426899549418E+00
  27 0.39289264966247E-02 0.58895285677505E-03 0.39426901342393E+00
  28 0.40259709810913E-02 0.60350007438385E-03 0.39426903330847E+00
  29 0.41254124643243E-02 0.61840661584820E-03 0.39426905522001E+00
  30 0.42273101521931E-02 0.63368135704286E-03 0.39426907923500E+00
  31 0.43317247129523E-02 0.64933339312042E-03 0.39426910543429E+00
  32 0.44387183133622E-02 0.66537204393076E-03 0.39426913390336E+00
  33 0.45483546557022E-02 0.68180685957465E-03 0.39426916473254E+00
  34 0.46606990156981E-02 0.69864762609478E-03 0.39426919801723E+00
  35 0.47758182813858E-02 0.71590437130768E-03 0.39426923385813E+00
  36 0.48937809929360E-02 0.73358737077996E-03 0.39426927236151E+00
  37 0.50146573834616E-02 0.75170715395254E-03 0.39426931363946E+00
  38 0.51385194208331E-02 0.77027451041647E-03 0.39426935781019E+00
  39 0.52654408505276E-02 0.78930049634422E-03 0.39426940499829E+00
  40 0.53954972395357E-02 0.80879644108017E-03 0.39426945533506E+00
  41 0.55287660213522E-02 0.82877395389436E-03 0.39426950895883E+00
  42 0.56653265420796E-02 0.84924493090361E-03 0.39426956601530E+00
  43 0.58052601076690E-02 0.87022156216400E-03 0.39426962665788E+00
  44 0.59486500323284E-02 0.89171633893918E-03 0.39426969104808E+00
  45 0.60955816881269E-02 0.91374206114883E-03 0.39426975935592E+00
  46 0.62461425558236E-02 0.93631184500164E-03 0.39426983176029E+00
  47 0.64004222769525E-02 0.95943913081768E-03 0.39426990844945E+00
  48 0.65585127071932E-02 0.98313769104457E-03 0.39426998962143E+00
  49 0.67205079710609E-02 0.10074216384727E-02 0.39427007548454E+00
  50 0.68865045179461E-02 0.10323054346538E-02 0.39427016625785E+00
  51 0.70566011795393E-02 0.10578038985290E-02 0.39427026217174E+00
  52 0.72308992286740E-02 0.10839322152707E-02 0.39427036346845E+00
  53 0.74095024396222E-02 0.11107059453436E-02 0.39427047040265E+00
  54 0.75925171498809E-02 0.11381410337912E-02 0.39427058324204E+00
  55 0.77800523234829E-02 0.11662538197530E-02 0.39427070226803E+00
  56 0.79722196158730E-02 0.11950610462175E-02 0.39427082777638E+00
  57 0.81691334403850E-02 0.12245798700182E-02 0.39427096007790E+00
  58 0.83709110363625E-02 0.12548278720779E-02 0.39427109949923E+00
  59 0.85776725389607E-02 0.12858230679075E-02 0.39427124638357E+00
  60 0.87895410506730E-02 0.13175839183660E-02 0.39427140109155E+00
  61 0.90066427146247E-02 0.13501293406888E-02 0.39427156400203E+00
  62 0.92291067896759E-02 0.13834787197894E-02 0.39427173551303E+00
  63 0.94570657273809E-02 0.14176519198436E-02 0.39427191604269E+00
  64 0.96906552508472E-02 0.14526692961618E-02 0.39427210603022E+00
  65 0.99300144355431E-02 0.14885517073569E-02 0.39427230593697E+00
  66 0.10175285792101E-01 0.15253205278161E-02 0.39427251624752E+00
  67 0.10426615351166E-01 0.15629976604835E-02 0.39427273747080E+00
  68 0.10684152750340E-01 0.16016055499617E-02 0.39427297014131E+00
  69 0.10948051323273E-01 0.16411671959407E-02 0.39427321482037E+00
  70 0.11218468190958E-01 0.16817061669620E-02 0.39427347209745E+00
  71 0.11495564355275E-01 0.17232466145268E-02 0.39427374259157E+00
  72 0.11779504794850E-01 0.17658132875575E-02 0.39427402695270E+00
  73 0.12070458563283E-01 0.18094315472206E-02 0.39427432586335E+00
  74 0.12368598889796E-01 0.18541273821207E-02 0.39427464004013E+00
  75 0.12674103282374E-01 0.18999274238757E-02 0.39427497023543E+00
  76 0.12987153633448E-01 0.19468589630826E-02 0.39427531723919E+00
  77 0.13307936328195E-01 0.19949499656834E-02 0.39427568188073E+00
  78 0.13636642355501E-01 0.20442290897425E-02 0.39427606503071E+00
  79 0.13973467421682E-01 0.20947257026456E-02 0.39427646760312E+00
  80 0.14318612066997E-01 0.21464698987317E-02 0.39427689055743E+00
  81 0.14672281785052E-01 0.21994925173683E-02 0.39427733490080E+00
  82 0.15034687145143E-01 0.22538251614828E-02 0.39427780169044E+00
  83 0.15406043917628E-01 0.23095002165616E-02 0.39427829203602E+00
  84 0.15786573202393E-01 0.23665508701279E-02 0.39427880710227E+00
  85 0.16176501560493E-01 0.24250111317134E-02 0.39427934811164E+00
  86 0.16576061149037E-01 0.24849158533344E-02 0.39427991634711E+00
  87 0.16985489859418E-01 0.25463007504873E-02 0.39428051315516E+00
  88 0.17405031458946E-01 0.26092024236768E-02 0.39428113994883E+00
  89 0.17834935735981E-01 0.26736583804910E-02 0.39428179821099E+00
  90 0.18275458648660E-01 0.27397070582378E-02 0.39428248949769E+00
  91 0.18726862477282E-01 0.28073878471587E-02 0.39428321544169E+00
  92 0.19189415980471E-01 0.28767411142342E-02 0.39428397775622E+00
  93 0.19663394555189E-01 0.29478082275982E-02 0.39428477823882E+00
  94 0.20149080400702E-01 0.30206315815768E-02 0.39428561877543E+00
  95 0.20646762686599E-01 0.30952546223695E-02 0.39428650134460E+00
  96 0.21156737724958E-01 0.31717218743899E-02 0.39428742802198E+00
  97 0.21679309146765E-01 0.32500789672849E-02 0.39428840098494E+00
  98 0.22214788082690E-01 0.33303726636497E-02 0.39428942251741E+00
  99 0.22763493348332E-01 0.34126508874597E-02 0.39429049501503E+00
 100 0.23325751634036E-01 0.34969627532385E-02 0.39429162099037E+00
 101 0.23901897699397E-01 0.35833585959829E-02 0.39429280307854E+00
 102 0.24492274572572E-01 0.36718900018667E-02 0.39429404404296E+00
 103 0.25097233754514E-01 0.37626098397446E-02 0.39429534678139E+00
 104 0.25717135428251E-01 0.38555722934809E-02 0.39429671433228E+00
 105 0.26352348673328E-01 0.39508328951247E-02 0.39429814988132E+00
 106 0.27003251685560E-01 0.40484485589581E-02 0.39429965676834E+00
 107 0.27670232002193E-01 0.41484776164417E-02 0.39430123849444E+00
 108 0.28353686732647E-01 0.42509798520853E-02 0.39430289872949E+00
 109 0.29054022794944E-01 0.43560165402686E-02 0.39430464131991E+00
 110 0.29771657157979E-01 0.44636504830443E-02 0.39430647029673E+00
 111 0.30507017089781E-01 0.45739460489494E-02 0.39430838988406E+00
 112 0.31260540411898E-01 0.46869692128582E-02 0.39431040450786E+00
 113 0.32032675760072E-01 0.48027875969070E-02 0.39431251880502E+00
 114 0.32823882851346E-01 0.49214705125253E-02 0.39431473763290E+00
 115 0.33634632757774E-01 0.50430890036065E-02 0.39431706607911E+00
 116 0.34465408186891E-01 0.51677158908553E-02 0.39431950947176E+00
 117 0.35316703769107E-01 0.52954258173490E-02 0.39432207339003E+00
 118 0.36189026352204E-01 0.54262952953502E-02 0.39432476367515E+00
 119 0.37082895303104E-01 0.55604027544137E-02 0.39432758644175E+00
 120 0.37998842817091E-01 0.56978285908287E-02 0.39433054808962E+00
 121 0.38937414234673E-01 0.58386552184405E-02 0.39433365531583E+00
 122 0.39899168366269E-01 0.59829671208982E-02 0.39433691512728E+00
 123 0.40884677824916E-01 0.61308509053761E-02 0.39434033485362E+00
 124 0.41894529367191E-01 0.62823953578200E-02 0.39434392216049E+00
 125 0.42929324242561E-01 0.64376914997704E-02 0.39434768506326E+00
 126 0.43989678551352E-01 0.65968326468176E-02 0.39435163194106E+00
 127 0.45076223611571E-01 0.67599144687470E-02 0.39435577155110E+00
 128 0.46189606334776E-01 0.69270350514349E-02 0.39436011304347E+00
 129 0.47330489611245E-01 0.70982949605575E-02 0.39436466597610E+00
 130 0.48499552704643E-01 0.72737973071808E-02 0.39436944033008E+00
 131 0.49697491656448E-01 0.74536478153002E-02 0.39437444652522E+00
 132 0.50925019700362E-01 0.76379548914032E-02 0.39437969543578E+00
 133 0.52182867686961E-01 0.78268296961332E-02 0.39438519840636E+00
 134 0.53471784518829E-01 0.80203862181334E-02 0.39439096726794E+00
 135 0.54792537596444E-01 0.82187413501584E-02 0.39439701435387E+00
 136 0.56145913275076E-01 0.84220149675413E-02 0.39440335251589E+00
 137 0.57532717332971E-01 0.86303300091114E-02 0.39440999513997E+00
 138 0.58953775451095E-01 0.88438125606630E-02 0.39441695616191E+00
 139 0.60409933704737E-01 0.90625919410780E-02 0.39442425008263E+00
 140 0.61902059067244E-01 0.92868007912161E-02 0.39443189198294E+00
 141 0.63431039926205E-01 0.95165751656872E-02 0.39443989753771E+00
 142 0.64997786612382E-01 0.97520546276307E-02 0.39444828302913E+00
 143 0.66603231941708E-01 0.99933823466325E-02 0.39445706535914E+00
 144 0.68248331770668E-01 0.10240705199917E-01 0.39446626206046E+00
 145 0.69934065565404E-01 0.10494173876963E-01 0.39447589130625E+00
 146 0.71661436984869E-01 0.10753942987693E-01 0.39448597191802E+00
 147 0.73431474478395E-01 0.11020171174407E-01 0.39449652337140E+00
 148 0.75245231898012E-01 0.11293021227629E-01 0.39450756579957E+00
 149 0.77103789125893E-01 0.11572660206054E-01 0.39451911999383E+00
 150 0.79008252717302E-01 0.11859259560791E-01 0.39453120740091E+00
 151 0.80959756559420E-01 0.12152995264106E-01 0.39454385011655E+00
 152 0.82959462546437E-01 0.12454047942895E-01 0.39455707087474E+00
 153 0.85008561271334E-01 0.12762603017107E-01 0.39457089303205E+00
 154 0.87108272734736E-01 0.13078850843386E-01 0.39458534054631E+00
 155 0.89259847071284E-01 0.13402986864175E-01 0.39460043794890E+00
 156 0.91464565293945E-01 0.13735211762590E-01 0.39461621030984E+00
 157 0.93723740056705E-01 0.14075731623335E-01 0.39463268319456E+00
 158 0.96038716436106E-01 0.14424758100008E-01 0.39464988261152E+00
 159 0.98410872732078E-01 0.14782508589121E-01 0.39466783494926E+00
 160 0.10084162128856E+00 0.15149206411202E-01 0.39468656690178E+00
 161 0.10333240933439E+00 0.15525080999370E-01 0.39470610538061E+00
 162 0.10588471984495E+00 0.15910368095796E-01 0.39472647741211E+00
 163 0.10850007242512E+00 0.16305309956495E-01 0.39474771001805E+00
 164 0.11118002421402E+00 0.16710155564912E-01 0.39476983007764E+00
 165 0.11392617081210E+00 0.17125160854817E-01 0.39479286416868E+00
 166 0.11674014723116E+00 0.17550588943052E-01 0.39481683838549E+00
 167 0.11962362886777E+00 0.17986710372683E-01 0.39484177813079E+00
 168 0.12257833250081E+00 0.18433803367207E-01 0.39486770787873E+00
 169 0.12560601731358E+00 0.18892154096443E-01 0.39489465090557E+00
 170 0.12870848594122E+00 0.19362056954833E-01 0.39492262898453E+00
 171 0.13188758554397E+00 0.19843814852904E-01 0.39495166204064E+00
 172 0.13514520890691E+00 0.20337739522684E-01 0.39498176776122E+00
 173 0.13848329556691E+00 0.20844151837974E-01 0.39501296115706E+00
 174 0.14190383296741E+00 0.21363382150358E-01 0.39504525406883E+00
 175 0.14540885764170E+00 0.21895770641990E-01 0.39507865461276E+00
 176 0.14900045642545E+00 0.22441667696197E-01 0.39511316655900E+00
 177 0.15268076769916E+00 0.23001434287046E-01 0.39514878863537E+00
 178 0.15645198266133E+00 0.23575442389112E-01 0.39518551374843E+00
 179 0.16031634663307E+00 0.24164075408754E-01 0.39522332811312E+00
 180 0.16427616039490E+00 0.24767728638309E-01 0.39526221028112E+00
 181 0.16833378155666E+00 0.25386809734733E-01 0.39530213005738E+00
 182 0.17249162596111E+00 0.26021739224292E-01 0.39534304729283E+00
 183 0.17675216912235E+00 0.26672951035081E-01 0.39538491054046E+00
 184 0.18111794769967E+00 0.27340893059214E-01 0.39542765556044E+00
 185 0.18559156100785E+00 0.28026027746730E-01 0.39547120365864E+00
 186 0.19017567256474E+00 0.28728832733354E-01 0.39551545984128E+00
 187 0.19487301167709E+00 0.29449801504455E-01 0.39556031076683E+00
 188 0.19968637506552E+00 0.30189444097695E-01 0.39560562247441E+00
 189 0.20461862852964E+00 0.30948287847056E-01 0.39565123786591E+00
 190 0.20967270865432E+00 0.31726878171123E-01 0.39569697391678E+00
 191 0.21485162455808E+00 0.32525779408738E-01 0.39574261858818E+00
 192 0.22015845968466E+00 0.33345575705358E-01 0.39578792741039E+00
 193 0.22559637363887E+00 0.34186871953691E-01 0.39583261970463E+00
 194 0.23116860406776E+00 0.35050294792477E-01 0.39587637440731E+00
 195 0.23687846858823E+00 0.35936493667559E-01 0.39591882545730E+00
 196 0.24272936676236E+00 0.36846141959680E-01 0.39595955670304E+00
 197 0.24872478212139E+00 0.37779938183819E-01 0.39599809628262E+00
 198 0.25486828423979E+00 0.38738607265193E-01 0.39603391042520E+00
 199 0.26116353086051E+00 0.39722901897464E-01 0.39606639661775E+00
 200 0.26761427007276E+00 0.40733603989095E-01 0.39609487607577E+00
 201 0.27422434254356E+00 0.41771526204227E-01 0.39611858545137E+00
 202 0.28099768380439E+00 0.42837513604950E-01 0.39613666770585E+00
 203 0.28793832659436E+00 0.43932445402310E-01 0.39614816206785E+00
 204 0.29505040326124E+00 0.45057236823962E-01 0.39615199299076E+00
 205 0.30233814822179E+00 0.46212841106931E-01 0.39614695801625E+00
 206 0.30980590048287E+00 0.47400251624573E-01 0.39613171444220E+00
 207 0.31745810622479E+00 0.48620504157448E-01 0.39610476468537E+00
 208 0.32529932144855E+00 0.49874679318539E-01 0.39606444021954E+00
 209 0.33333421468832E+00 0.51163905143939E-01 0.39600888396065E+00
 210 0.34156756979113E+00 0.52489359860909E-01 0.39593603095993E+00
 211 0.35000428876497E+00 0.53852274846019E-01 0.39584358725523E+00
 212 0.35864939469746E+00 0.55253937786884E-01 0.39572900671961E+00
 213 0.36750803474649E+00 0.56695696061911E-01 0.39558946573402E+00
 214 0.37658548320473E+00 0.58178960353333E-01 0.39542183549878E+00
 215 0.38588714463988E+00 0.59705208509755E-01 0.39522265178588E+00
 216 0.39541855711249E+00 0.61275989675314E-01 0.39498808192076E+00
 217 0.40518539547317E+00 0.62892928703531E-01 0.39471388876954E+00
 218 0.41519347474135E+00 0.64557730874800E-01 0.39439539149421E+00
 219 0.42544875356747E+00 0.66272186937364E-01 0.39402742282564E+00
 220 0.43595733778058E+00 0.68038178492429E-01 0.39360428259214E+00
 221 0.44672548402376E+00 0.69857683744785E-01 0.39311968723013E+00
 222 0.45775960347915E+00 0.71732783640930E-01 0.39256671499381E+00
 223 0.46906626568509E+00 0.73665668417086E-01 0.39193774657332E+00
 224 0.48065220244751E+00 0.75658644579687E-01 0.39122440082624E+00
 225 0.49252431184796E+00 0.77714142340815E-01 0.39041746532671E+00
 226 0.50468966235060E+00 0.79834723530532E-01 0.38950682144070E+00
 227 0.51715549701066E+00 0.82023090007030E-01 0.38848136364665E+00
 228 0.52992923778683E+00 0.84282092583892E-01 0.38732891283993E+00
 229 0.54301848996016E+00 0.86614740491290E-01 0.38603612338841E+00
 230 0.55643104666218E+00 0.89024211384536E-01 0.38458838374874E+00
 231 0.57017489351473E+00 0.91513861908771E-01 0.38296971051046E+00
 232 0.58425821338455E+00 0.94087238822432E-01 0.38116263581241E+00
 233 0.59868939125515E+00 0.96748090674237E-01 0.37914808817698E+00
 234 0.61347701921915E+00 0.99500380018266E-01 0.37690526693743E+00
 235 0.62862990159386E+00 0.10234829613891E+00 0.37441151059893E+00
 236 0.64415706016323E+00 0.10529626824144E+00 0.37164215968110E+00
 237 0.66006773954926E+00 0.10834897904404E+00 0.36857041484835E+00
 238 0.67637141271613E+00 0.11151137868262E+00 0.36516719145352E+00
 239 0.69307778661022E+00 0.11478869880968E+00 0.36140097201226E+00
 240 0.71019680793949E+00 0.11818646673188E+00 0.35723765860384E+00
 241 0.72773866909559E+00 0.12171051938656E+00 0.35264042777394E+00
 242 0.74571381422226E+00 0.12536701690407E+00 0.34756959121448E+00
 243 0.76413294543355E+00 0.12916245543843E+00 0.34198246633541E+00
 244 0.78300702918575E+00 0.13310367887230E+00 0.33583326184488E+00
 245 0.80234730280664E+00 0.13719788891114E+00 0.32907298464391E+00
 246 0.82216528118597E+00 0.14145265297387E+00 0.32164937574522E+00
 247 0.84247276363126E+00 0.14587590916083E+00 0.31350688457243E+00
 248 0.86328184089295E+00 0.15047596743225E+00 0.30458669291472E+00
 249 0.88460490236301E+00 0.15526150595913E+00 0.29482680203077E+00
 250 0.90645464345137E+00 0.16024156141127E+00 0.28416219894075E+00
 251 0.92884407314462E+00 0.16542551172242E+00 0.27252512083424E+00
 252 0.95178652175129E+00 0.17082304961892E+00 0.25984543976540E+00
 253 0.97529564883855E+00 0.17644414491532E+00 0.24605119339411E+00
 254 0.99938545136486E+00 0.18229899327091E+00 0.23106929143276E+00
 255 0.10240702720136E+01 0.18839794876792E+00 0.21482643160103E+00
 256 0.10493648077323E+01 0.19475143732364E+00 0.19725026315881E+00
 257 0.10752841184833E+01 0.20136984759786E+00 0.17827084028961E+00
 258 0.11018436362098E+01 0.20826339572173E+00 0.15782241146613E+00
 259 0.11290591740242E+01 0.21544195988358E+00 0.13584559404317E+00
 260 0.11569469356226E+01 0.22291488059895E+00 0.11228998513503E+00
 261 0.11855235249325E+01 0.23069072241926E+00 0.87117259589833E-01
 262 0.12148059559983E+01 0.23877699296569E+00 0.60304802570130E-01
 263 0.12448116631115E+01 0.24717981560006E+00 0.31849916585758E-01
 264 0.12755585111903E+01 0.25590355287622E+00 0.17746291381928E-02
 265 0.13070648064167E+01 0.26495037928715E+00 -.29868894654203E-01
 266 0.13393493071352E+01 0.27431980389526E+00 -.62992362528344E-01
 267 0.13724312350215E+01 0.28400814638235E+00 -.97464862897454E-01
 268 0.14063302865265E+01 0.29400797406903E+00 -.13310600777146E+00
 269 0.14410666446037E+01 0.30430751270681E+00 -.16967893346601E+00
 270 0.14766609907254E+01 0.31489005047707E+00 -.20688349272681E+00
 271 0.15131345171963E+01 0.32573336268817E+00 -.24435011370741E+00
 272 0.15505089397711E+01 0.33680919404392E+00 -.28163497892820E+00
 273 0.15888065105834E+01 0.34808284571435E+00 -.31821739582201E+00
 274 0.16280500313948E+01 0.35951292506732E+00 -.35350049436711E+00
 275 0.16682628671703E+01 0.37105132560122E+00 -.38681670097786E+00
 276 0.17094689599894E+01 0.38264351146480E+00 -.41743980582199E+00
 277 0.17516928433011E+01 0.39422918220505E+00 -.44460586924373E+00
 278 0.17949596565307E+01 0.40574338522845E+00 -.46754571290214E+00
 279 0.18392951600470E+01 0.41711812081189E+00 -.48553233402181E+00
 280 0.18847257505002E+01 0.42828444078952E+00 -.49794730849474E+00
 281 0.19312784765375E+01 0.43917496895465E+00 -.50437118709364E+00
 282 0.19789810549080E+01 0.44972665825098E+00 -.50470416965840E+00
 283 0.20278618869642E+01 0.45988343351514E+00 -.49932516971207E+00
 284 0.20779500755722E+01 0.46959813097600E+00 -.48930004164733E+00
 285 0.21292754424389E+01 0.47883281209644E+00 -.47665355664740E+00
 286 0.21818685458671E+01 0.48755636582563E+00 -.46395568534044E+00
 287 0.22357606989500E+01 0.49574000751909E+00 -.45177864992807E+00
 288 0.22909839882141E+01 0.50335476350239E+00 -.44007674236667E+00
 289 0.23475712927230E+01 0.51037229039429E+00 -.42880918337977E+00
 290 0.24055563036532E+01 0.51676495810191E+00 -.41793992835325E+00
 291 0.24649735443535E+01 0.52250597421220E+00 -.40743734789297E+00
 292 0.25258583908990E+01 0.52756960595105E+00 -.39727383440442E+00
 293 0.25882470931542E+01 0.53193138890106E+00 -.38742537530999E+00
 294 0.26521767963551E+01 0.53556834194533E+00 -.37787112277199E+00
 295 0.27176855632251E+01 0.53845918417663E+00 -.36859298030731E+00
 296 0.27848123966367E+01 0.54058455176885E+00 -.35957521898997E+00
 297 0.28535972628337E+01 0.54192721288560E+00 -.35080413009876E+00
 298 0.29240811152257E+01 0.54247227863163E+00 -.34226771688106E+00
 299 0.29963059187717E+01 0.54220740799836E+00 -.33395542527187E+00
 300 0.30703146749654E+01 0.54112300469123E+00 -.32585791161639E+00
 301 0.31461514474370E+01 0.53921240366257E+00 -.31796684441612E+00
 302 0.32238613881887E+01 0.53647204511410E+00 -.31027473662332E+00
 303 0.33034907644770E+01 0.53290163368316E+00 -.30277480487140E+00
 304 0.33850869863596E+01 0.52850428049224E+00 -.29546085211784E+00
 305 0.34686986349226E+01 0.52328662572570E+00 -.28832717040080E+00
 306 0.35543754912052E+01 0.51725893940758E+00 -.28136846070601E+00
 307 0.36421685658380E+01 0.51043519809289E+00 -.27457976726496E+00
 308 0.37321301294142E+01 0.50283313525763E+00 -.26795642393266E+00
 309 0.38243137436107E+01 0.49447426328381E+00 -.26149401060571E+00
 310 0.39187742930779E+01 0.48538386508877E+00 -.25518831793133E+00
 311 0.40155680181169E+01 0.47559095364671E+00 -.24903531881976E+00
 312 0.41147525481644E+01 0.46512819789753E+00 -.24303114550551E+00
 313 0.42163869361041E+01 0.45403181383573E+00 -.23717207110697E+00
 314 0.43205316934259E+01 0.44234141992110E+00 -.23145449481152E+00
 315 0.44272488262535E+01 0.43009985635322E+00 -.22587492996509E+00
 316 0.45366018722619E+01 0.41735296820180E+00 -.22042999447529E+00
 317 0.46486559385068E+01 0.40414935288097E+00 -.21511640304662E+00
 318 0.47634777401879E+01 0.39054007299320E+00 -.20993096085842E+00
 319 0.48811356403706E+01 0.37657833614009E+00 -.20487055837299E+00
 320 0.50016996906877E+01 0.36231914302999E+00 -.19993216702424E+00
 321 0.51252416730477E+01 0.34781891137146E+00 -.19511283558979E+00
 322 0.52518351423720E+01 0.33313506892792E+00 -.19040968709103E+00
 323 0.53815554703886E+01 0.31832563041165E+00 -.18581991610060E+00
 324 0.55144798905072E+01 0.30344875719056E+00 -.18134078636332E+00
 325 0.56506875438027E+01 0.28856230608958E+00 -.17696962865897E+00
 326 0.57902595261346E+01 0.27372337285275E+00 -.17270383885217E+00
 327 0.59332789364302E+01 0.25898783620917E+00 -.16854087608784E+00
 328 0.60798309261600E+01 0.24440990876159E+00 -.16447826110140E+00
 329 0.62300027500361E+01 0.23004170107930E+00 -.16051357462050E+00
 330 0.63838838179620E+01 0.21593280541174E+00 -.15664445584116E+00
 331 0.65415657482657E+01 0.20212990533504E+00 -.15286860096584E+00
 332 0.67031424222479E+01 0.18867641739552E+00 -.14918376179406E+00
 333 0.68687100400774E+01 0.17561217041845E+00 -.14558774435898E+00
 334 0.70383671780673E+01 0.16297312761028E+00 -.14207840760486E+00
 335 0.72122148473655E+01 0.15079115590479E+00 -.13865366210176E+00
 336 0.73903565540955E+01 0.13909384620112E+00 -.13531146879486E+00
 337 0.75728983609816E+01 0.12790438723113E+00 -.13204983778620E+00
 338 0.77599489504979E+01 0.11724149479767E+00 -.12886682714727E+00
 339 0.79516196895752E+01 0.10711939706876E+00 -.12576054176124E+00
 340 0.81480246959077E+01 0.97547875524766E-01 -.12272913219365E+00
 341 0.83492809058966E+01 0.88532360066864E-01 -.11977079359070E+00
 342 0.85555081442722E+01 0.80074075736411E-01 -.11688376460432E+00
 343 0.87668291954358E+01 0.72170237498070E-01 -.11406632634332E+00
 344 0.89833698765630E+01 0.64814288633037E-01 -.11131680134981E+00
 345 0.92052591125141E+01 0.57996177499573E-01 -.10863355260050E+00
 346 0.94326290125932E+01 0.51702666768277E-01 -.10601498253192E+00
 347 0.96656149492043E+01 0.45917668746750E-01 -.10345953208929E+00
 348 0.99043556384496E+01 0.40622600084513E-01 -.10096567979826E+00
 349 0.10148993222719E+02 0.35796749000089E-01 -.98531940859041E-01
 350 0.10399673355321E+02 0.31417648198027E-01 -.96156866262357E-01
 351 0.10656545287197E+02 0.27461446838091E-01 -.93839041926764E-01
 352 0.10919761955791E+02 0.23903275270266E-01 -.91577087856702E-01
 353 0.11189480076099E+02 0.20717596740877E-01 -.89369657320875E-01
 354 0.11465860233978E+02 0.17878540886501E-01 -.87215436050428E-01
 355 0.11749066981758E+02 0.15360214539337E-01 -.85113141456453E-01
 356 0.12039268936207E+02 0.13136986144829E-01 -.83061521866353E-01
 357 0.12336638878931E+02 0.11183740912468E-01 -.81059355778621E-01
 358 0.12641353859241E+02 0.94761046575545E-02 -.79105451135571E-01
 359 0.12953595299564E+02 0.79906351195152E-02 -.77198644613614E-01
 360 0.13273549103463E+02 0.67049803379887E-02 -.75337800930628E-01
 361 0.13601405766319E+02 0.55980044103804E-02 -.73521812170028E-01
 362 0.13937360488747E+02 0.46498816268068E-02 -.71749597121136E-01
 363 0.14281613292819E+02 0.38421605664926E-02 -.70020100635440E-01
 364 0.14634369141152E+02 0.31578002340526E-02 -.68332292998381E-01
 365 0.14995838058938E+02 0.25811807087677E-02 -.66685169316269E-01
 366 0.15366235258994E+02 0.20980910728534E-02 -.65077748917995E-01
 367 0.15745781269891E+02 0.16956975771710E-02 -.63509074771147E-01
 368 0.16134702067257E+02 0.13624950993353E-02 -.61978212912215E-01
 369 0.16533229208319E+02 0.10882449568257E-02 -.60484251890521E-01
 370 0.16941599969764E+02 0.86390206576537E-03 -.59026302225551E-01
 371 0.17360057489017E+02 0.68153429533045E-03 -.57603495877380E-01
 372 0.17788850908996E+02 0.53423667016243E-03 -.56214985729851E-01
 373 0.18228235526448E+02 0.41604283111381E-03 -.54859945086224E-01
 374 0.18678472943952E+02 0.32183589060038E-03 -.53537567176953E-01
 375 0.19139831225667E+02 0.24726052484031E-03 -.52247064679373E-01
 376 0.19612585056941E+02 0.18863784261942E-03 -.50987669248925E-01
 377 0.20097015907848E+02 0.14288426915345E-03 -.49758631061702E-01
 378 0.20593412200771E+02 0.10743539302227E-03 -.48559218368011E-01
 379 0.21102069482130E+02 0.80175451447511E-04 -.47388717056712E-01
 380 0.21623290598339E+02 0.59372880223360E-04 -.46246430230030E-01
 381 0.22157385876118E+02 0.43622133640639E-04 -.45131677788650E-01
 382 0.22704673307258E+02 0.31791789467588E-04 -.44043796026789E-01
 383 0.23265478737947E+02 0.22978795707591E-04 -.42982137237035E-01
 384 0.23840136062775E+02 0.16468589376584E-04 -.41946069324715E-01
 385 0.24428987423525E+02 0.11700721731396E-04 -.40934975431555E-01
 386 0.25032383412886E+02 0.82395571128661E-05 -.39948253568416E-01
 387 0.25650683283185E+02 0.57495710151212E-05 -.38985316256871E-01
 388 0.26284255160279E+02 0.39747538533567E-05 -.38045590179439E-01
 389 0.26933476262738E+02 0.27216265608985E-05 -.37128515838235E-01
 390 0.27598733126428E+02 0.18453890694742E-05 -.36233547221855E-01
 391 0.28280421834651E+02 0.12387488689447E-05 -.35360151480292E-01
 392 0.28978948253966E+02 0.82301280106799E-06 -.34507808607682E-01
 393 0.29694728275839E+02 0.54106056534956E-06 -.33676011132703E-01
 394 0.30428188064253E+02 0.35187355995407E-06 -.32864263816438E-01
 395 0.31179764309440E+02 0.22631542091029E-06 -.32072083357508E-01
 396 0.31949904487883E+02 0.14391660673652E-06 -.31298998104331E-01
 397 0.32739067128734E+02 0.90459604472235E-07 -.30544547774306E-01
 398 0.33547722086813E+02 0.56184877461539E-07 -.29808283179765E-01
 399 0.34376350822358E+02 0.34472746835081E-07 -.29089765960540E-01
 400 0.35225446687670E+02 0.20887738115335E-07 -.28388568322963E-01
 401 0.36095515220855E+02 0.12494818134268E-07 -.27704272785169E-01
 402 0.36987074446810E+02 0.73765255356134E-08 -.27036471928534E-01
 403 0.37900655185647E+02 0.42964907256908E-08 -.26384768155103E-01
 404 0.38836801368732E+02 0.24681354791438E-08 -.25748773450867E-01
 405 0.39796070362540E+02 0.13978684197159E-08 -.25128109154745E-01
 406 0.40779033300494E+02 0.78028071704249E-09 -.24522405733136E-01
 407 0.41786275423017E+02 0.42910514406842E-09 -.23931302559907E-01
 408 0.42818396425965E+02 0.23240291553710E-09 -.23354447701675E-01
 409 0.43876010817686E+02 0.12391297715452E-09 -.22791497708281E-01
 410 0.44959748284883E+02 0.65015548510952E-10 -.22242117408296E-01
 411 0.46070254067520E+02 0.33555683461565E-10 -.21705979709472E-01
 412 0.47208189342988E+02 0.17028710669331E-10 -.21182765403993E-01
 413 0.48374231619759E+02 0.84933244861030E-11 -.20672162978426E-01
 414 0.49569075140768E+02 0.41616187309689E-11 -.20173868428248E-01
 415 0.50793431296744E+02 0.20023434685089E-11 -.19687585076850E-01
 416 0.52048029049774E+02 0.94559298329784E-12 -.19213023398897E-01
 417 0.53333615367303E+02 0.43807791856790E-12 -.18749900847953E-01
 418 0.54650955666876E+02 0.19900604076113E-12 -.18297941688253E-01
 419 0.56000834271848E+02 0.88599101558666E-13 -.17856876830539E-01
 420 0.57384054878362E+02 0.38638015624647E-13 -.17426443671844E-01
 421 0.58801441033858E+02 0.16496460103968E-13 -.17006385939147E-01
 422 0.60253836627394E+02 0.68915772879594E-14 -.16596453536789E-01
 423 0.61742106392091E+02 0.28154871748886E-14 -.16196402397569E-01
 424 0.63267136419975E+02 0.11241975312103E-14 -.15805994337434E-01
 425 0.64829834689549E+02 0.43845959451928E-15 -.15424996913667E-01
 426 0.66431131606381E+02 0.16692974444904E-15 -.15053183286490E-01
 427 0.68071980557058E+02 0.62002201707766E-16 -.14690332084015E-01
 428 0.69753358476818E+02 0.22434118834952E-16 -.14336227270435E-01
 429 0.71476266431195E+02 0.78922666869491E-17 -.13990658017405E-01
 430 0.73241730212046E+02 0.00000000000000E+00 -.13653418578516E-01
 431 0.75050800948283E+02 0.00000000000000E+00 -.13324308166796E-01
 432 0.76904555731706E+02 0.00000000000000E+00 -.13003130835168E-01
 433 0.78804098258279E+02 0.00000000000000E+00 -.12689695359781E-01
433  0.10247000000000E+01
   1 0.20833333333333E-02 0.13493952844899E-05 -.22341910379668E+01
   2 0.21347916666667E-02 0.14168786641128E-05 -.22341910547362E+01
   3 0.21875210208333E-02 0.14877368936242E-05 -.22341910703961E+01
   4 0.22415527900479E-02 0.15621387495706E-05 -.22341910849381E+01
   5 0.22969191439621E-02 0.16402614528451E-05 -.22341910983520E+01
   6 0.23536530468180E-02 0.17222910557917E-05 -.22341911106262E+01
   7 0.24117882770744E-02 0.18084229449905E-05 -.22341911217471E+01
   8 0.24713594475181E-02 0.18988622735631E-05 -.22341911316999E+01
   9 0.25324020258718E-02 0.19938244548878E-05 -.22341911404675E+01
  10 0.25949523559108E-02 0.20935356749687E-05 -.22341911480312E+01
  11 0.26590476791018E-02 0.21982334311471E-05 -.22341911543704E+01
  12 0.27247261567756E-02 0.23081670977572E-05 -.22341911594625E+01
  13 0.27920268928480E-02 0.24235985200684E-05 -.22341911632827E+01
  14 0.28609899571013E-02 0.25448026379272E-05 -.22341911658042E+01
  15 0.29316564090418E-02 0.26720681405849E-05 -.22341911669979E+01
  16 0.30040683223451E-02 0.28056981542698E-05 -.22341911668325E+01
  17 0.30782688099070E-02 0.29460109641407E-05 -.22341911652740E+01
  18 0.31543020495117E-02 0.30933407723412E-05 -.22341911622862E+01
  19 0.32322133101346E-02 0.32480384939607E-05 -.22341911578301E+01
  20 0.33120489788950E-02 0.34104725927951E-05 -.22341911518640E+01
  21 0.33938565886737E-02 0.35810299588991E-05 -.22341911443432E+01
  22 0.34776848464139E-02 0.37601168300185E-05 -.22341911352203E+01
  23 0.35635836621203E-02 0.39481597590970E-05 -.22341911244446E+01
  24 0.36516041785747E-02 0.41456066301600E-05 -.22341911119622E+01
  25 0.37417988017855E-02 0.43529277249949E-05 -.22341910977157E+01
  26 0.38342212321896E-02 0.45706168431669E-05 -.22341910816443E+01
  27 0.39289264966247E-02 0.47991924780370E-05 -.22341910636834E+01
  28 0.40259709810913E-02 0.50391990515814E-05 -.22341910437645E+01
  29 0.41254124643243E-02 0.52912082109521E-05 -.22341910218151E+01
  30 0.42273101521931E-02 0.55558201898653E-05 -.22341909977583E+01
  31 0.43317247129523E-02 0.58336652380580E-05 -.22341909715130E+01
  32 0.44387183133622E-02 0.61254051222149E-05 -.22341909429932E+01
  33 0.45483546557022E-02 0.64317347019397E-05 -.22341909121081E+01
  34 0.46606990156981E-02 0.67533835845200E-05 -.22341908787618E+01
  35 0.47758182813858E-02 0.70911178624253E-05 -.22341908428529E+01
  36 0.48937809929360E-02 0.74457419376737E-05 -.22341908042746E+01
  37 0.50146573834616E-02 0.78181004374077E-05 -.22341907629140E+01
  38 0.51385194208331E-02 0.82090802252394E-05 -.22341907186522E+01
  39 0.52654408505276E-02 0.86196125131500E-05 -.22341906713636E+01
  40 0.53954972395357E-02 0.90506750789705E-05 -.22341906209162E+01
  41 0.55287660213522E-02 0.95032945947186E-05 -.22341905671703E+01
  42 0.56653265420796E-02 0.99785490713324E-05 -.22341905099793E+01
  43 0.58052601076690E-02 0.10477570425618E-04 -.22341904491884E+01
  44 0.59486500323284E-02 0.11001547175516E-04 -.22341903846346E+01
  45 0.60955816881269E-02 0.11551727270102E-04 -.22341903161465E+01
  46 0.62461425558236E-02 0.12129421061050E-04 -.22341902435433E+01
  47 0.64004222769525E-02 0.12736004422627E-04 -.22341901666350E+01
  48 0.65585127071932E-02 0.13372922027643E-04 -.22341900852214E+01
  49 0.67205079710609E-02 0.14041690787142E-04 -.22341899990919E+01
  50 0.68865045179461E-02 0.14743903462020E-04 -.22341899080249E+01
  51 0.70566011795393E-02 0.15481232455157E-04 -.22341898117872E+01
  52 0.72308992286740E-02 0.16255433793067E-04 -.22341897101335E+01
  53 0.74095024396222E-02 0.17068351306561E-04 -.22341896028058E+01
  54 0.75925171498809E-02 0.17921921020327E-04 -.22341894895325E+01
  55 0.77800523234829E-02 0.18818175761892E-04 -.22341893700281E+01
  56 0.79722196158730E-02 0.19759250000898E-04 -.22341892439924E+01
  57 0.81691334403850E-02 0.20747384930206E-04 -.22341891111094E+01
  58 0.83709110363625E-02 0.21784933800899E-04 -.22341889710470E+01
  59 0.85776725389607E-02 0.22874367523862E-04 -.22341888234559E+01
  60 0.87895410506730E-02 0.24018280551235E-04 -.22341886679688E+01
  61 0.90066427146247E-02 0.25219397051731E-04 -.22341885041992E+01
  62 0.92291067896759E-02 0.26480577394470E-04 -.22341883317411E+01
  63 0.94570657273809E-02 0.27804824956730E-04 -.22341881501673E+01
  64 0.96906552508472E-02 0.29195293271784E-04 -.22341879590286E+01
  65 0.99300144355431E-02 0.30655293533785E-04 -.22341877578526E+01
  66 0.10175285792101E-01 0.32188302477525E-04 -.22341875461427E+01
  67 0.10426615351166E-01 0.33797970651748E-04 -.22341873233767E+01
  68 0.10684152750340E-01 0.35488131105677E-04 -.22341870890054E+01
  69 0.10948051323273E-01 0.37262808509330E-04 -.22341868424511E+01
  70 0.11218468190958E-01 0.39126228729286E-04 -.22341865831066E+01
  71 0.11495564355275E-01 0.41082828882591E-04 -.22341863103331E+01
  72 0.11779504794850E-01 0.43137267892645E-04 -.22341860234590E+01
  73 0.12070458563283E-01 0.45294437572091E-04 -.22341857217777E+01
  74 0.12368598889796E-01 0.47559474258973E-04 -.22341854045464E+01
  75 0.12674103282374E-01 0.49937771033724E-04 -.22341850709834E+01
  76 0.12987153633448E-01 0.52434990545921E-04 -.22341847202667E+01
  77 0.13307936328195E-01 0.55057078481182E-04 -.22341843515317E+01
  78 0.13636642355501E-01 0.57810277700081E-04 -.22341839638686E+01
  79 0.13973467421682E-01 0.60701143082527E-04 -.22341835563205E+01
  80 0.14318612066997E-01 0.63736557112750E-04 -.22341831278805E+01
  81 0.14672281785052E-01 0.66923746241714E-04 -.22341826774890E+01
  82 0.15034687145143E-01 0.70270298065662E-04 -.22341822040314E+01
  83 0.15406043917628E-01 0.73784179361379E-04 -.22341817063343E+01
  84 0.15786573202393E-01 0.77473755020759E-04 -.22341811831629E+01
  85 0.16176501560493E-01 0.81347807929407E-04 -.22341806332177E+01
  86 0.16576061149037E-01 0.85415559836167E-04 -.22341800551303E+01
  87 0.16985489859418E-01 0.89686693262815E-04 -.22341794474606E+01
  88 0.17405031458946E-01 0.94171374505574E-04 -.22341788086918E+01
  89 0.17834935735981E-01 0.98880277782654E-04 -.22341781372270E+01
  90 0.18275458648660E-01 0.10382461058469E-03 -.22341774313844E+01
  91 0.18726862477282E-01 0.10901614028777E-03 -.22341766893925E+01
  92 0.19189415980471E-01 0.11446722209158E-03 -.22341759093851E+01
  93 0.19663394555189E-01 0.12019082834852E-03 -.22341750893961E+01
  94 0.20149080400702E-01 0.12620057935250E-03 -.22341742273536E+01
  95 0.20646762686599E-01 0.13251077565981E-03 -.22341733210742E+01
  96 0.21156737724958E-01 0.13913643201796E-03 -.22341723682563E+01
  97 0.21679309146765E-01 0.14609331298184E-03 -.22341713664735E+01
  98 0.22214788082690E-01 0.15339797030083E-03 -.22341703131671E+01
  99 0.22763493348332E-01 0.16106778216426E-03 -.22341692056388E+01
 100 0.23325751634036E-01 0.16912099439698E-03 -.22341680410422E+01
 101 0.23901897699397E-01 0.17757676370135E-03 -.22341668163743E+01
 102 0.24492274572572E-01 0.18645520304656E-03 -.22341655284659E+01
 103 0.25097233754514E-01 0.19577742931100E-03 -.22341641739721E+01
 104 0.25717135428251E-01 0.20556561328888E-03 -.22341627493612E+01
 105 0.26352348673328E-01 0.21584303217712E-03 -.22341612509040E+01
 106 0.27003251685560E-01 0.22663412466473E-03 -.22341596746613E+01
 107 0.27670232002193E-01 0.23796454875240E-03 -.22341580164713E+01
 108 0.28353686732647E-01 0.24986124243634E-03 -.22341562719357E+01
 109 0.29054022794944E-01 0.26235248739671E-03 -.22341544364052E+01
 110 0.29771657157979E-01 0.27546797583801E-03 -.22341525049632E+01
 111 0.30507017089781E-01 0.28923888063546E-03 -.22341504724098E+01
 112 0.31260540411898E-01 0.30369792894907E-03 -.22341483332430E+01
 113 0.32032675760072E-01 0.31887947947467E-03 -.22341460816397E+01
 114 0.32823882851346E-01 0.33481960350915E-03 -.22341437114349E+01
 115 0.33634632757774E-01 0.35155617001573E-03 -.22341412160993E+01
 116 0.34465408186891E-01 0.36912893488374E-03 -.22341385887155E+01
 117 0.35316703769107E-01 0.38757963458650E-03 -.22341358219522E+01
 118 0.36189026352204E-01 0.40695208445066E-03 -.22341329080368E+01
 119 0.37082895303104E-01 0.42729228176005E-03 -.22341298387253E+01
 120 0.37998842817091E-01 0.44864851392770E-03 -.22341266052705E+01
 121 0.38937414234673E-01 0.47107147198055E-03 -.22341231983878E+01
 122 0.39899168366269E-01 0.49461436961246E-03 -.22341196082176E+01
 123 0.40884677824916E-01 0.51933306807312E-03 -.22341158242856E+01
 124 0.41894529367191E-01 0.54528620717271E-03 -.22341118354594E+01
 125 0.42929324242561E-01 0.57253534269463E-03 -.22341076299023E+01
 126 0.43989678551352E-01 0.60114509052242E-03 -.22341031950224E+01
 127 0.45076223611571E-01 0.63118327780012E-03 -.22340985174187E+01
 128 0.46189606334776E-01 0.66272110146037E-03 -.22340935828220E+01
 129 0.47330489611245E-01 0.69583329446874E-03 -.22340883760315E+01
 130 0.48499552704643E-01 0.73059830014874E-03 -.22340828808456E+01
 131 0.49697491656448E-01 0.76709845496771E-03 -.22340770799878E+01
 132 0.50925019700362E-01 0.80542018018042E-03 -.22340709550256E+01
 133 0.52182867686961E-01 0.84565418274438E-03 -.22340644862829E+01
 134 0.53471784518829E-01 0.88789566593861E-03 -.22340576527452E+01
 135 0.54792537596444E-01 0.93224455013594E-03 -.22340504319563E+01
 136 0.56145913275076E-01 0.97880570419787E-03 -.22340427999065E+01
 137 0.57532717332971E-01 0.10276891879804E-02 -.22340347309112E+01
 138 0.58953775451095E-01 0.10790105064594E-02 -.22340261974785E+01
 139 0.60409933704737E-01 0.11328908760052E-02 -.22340171701657E+01
 140 0.61902059067244E-01 0.11894575033552E-02 -.22340076174233E+01
 141 0.63431039926205E-01 0.12488438778595E-02 -.22339975054249E+01
 142 0.64997786612382E-01 0.13111900775898E-02 -.22339867978821E+01
 143 0.66603231941708E-01 0.13766430899329E-02 -.22339754558433E+01
 144 0.68248331770668E-01 0.14453571473047E-02 -.22339634374742E+01
 145 0.69934065565404E-01 0.15174940786509E-02 -.22339506978183E+01
 146 0.71661436984869E-01 0.15932236774206E-02 -.22339371885368E+01
 147 0.73431474478395E-01 0.16727240867231E-02 -.22339228576236E+01
 148 0.75245231898012E-01 0.17561822024048E-02 -.22339076490958E+01
 149 0.77103789125893E-01 0.18437940948037E-02 -.22338915026546E+01
 150 0.79008252717302E-01 0.19357654499663E-02 -.22338743533162E+01
 151 0.80959756559420E-01 0.20323120311334E-02 -.22338561310083E+01
 152 0.82959462546437E-01 0.21336601613266E-02 -.22338367601293E+01
 153 0.85008561271334E-01 0.22400472278877E-02 -.22338161590671E+01
 154 0.87108272734736E-01 0.23517222098492E-02 -.22337942396730E+01
 155 0.89259847071284E-01 0.24689462290320E-02 -.22337709066869E+01
 156 0.91464565293945E-01 0.25919931257886E-02 -.22337460571083E+01
 157 0.93723740056705E-01 0.27211500603287E-02 -.22337195795095E+01
 158 0.96038716436106E-01 0.28567181405792E-02 -.22336913532836E+01
 159 0.98410872732078E-01 0.29990130775488E-02 -.22336612478220E+01
 160 0.10084162128856E+00 0.31483658691756E-02 -.22336291216153E+01
 161 0.10333240933439E+00 0.33051235136491E-02 -.22335948212685E+01
 162 0.10588471984495E+00 0.34696497532003E-02 -.22335581804241E+01
 163 0.10850007242512E+00 0.36423258493591E-02 -.22335190185827E+01
 164 0.11118002421402E+00 0.38235513906704E-02 -.22334771398125E+01
 165 0.11392617081210E+00 0.40137451338573E-02 -.22334323313366E+01
 166 0.11674014723116E+00 0.42133458793998E-02 -.22333843619861E+01
 167 0.11962362886777E+00 0.44228133824809E-02 -.22333329805068E+01
 168 0.12257833250081E+00 0.46426293002177E-02 -.22332779137048E+01
 169 0.12560601731358E+00 0.48732981760600E-02 -.22332188644164E+01
 170 0.12870848594122E+00 0.51153484621887E-02 -.22331555092850E+01
 171 0.13188758554397E+00 0.53693335806842E-02 -.22330874963269E+01
 172 0.13514520890691E+00 0.56358330241658E-02 -.22330144422660E+01
 173 0.13848329556691E+00 0.59154534965104E-02 -.22329359296159E+01
 174 0.14190383296741E+00 0.62088300941577E-02 -.22328515034842E+01
 175 0.14540885764170E+00 0.65166275283861E-02 -.22327606680751E+01
 176 0.14900045642545E+00 0.68395413888007E-02 -.22326628828596E+01
 177 0.15268076769916E+00 0.71782994481081E-02 -.22325575583845E+01
 178 0.15645198266133E+00 0.75336630080657E-02 -.22324440516846E+01
 179 0.16031634663307E+00 0.79064282862717E-02 -.22323216612626E+01
 180 0.16427616039490E+00 0.82974278432134E-02 -.22321896215960E+01
 181 0.16833378155666E+00 0.87075320487105E-02 -.22320470971285E+01
 182 0.17249162596111E+00 0.91376505865659E-02 -.22318931756971E+01
 183 0.17675216912235E+00 0.95887339958749E-02 -.22317268613458E+01
 184 0.18111794769967E+00 0.10061775247036E-01 -.22315470664675E+01
 185 0.18559156100785E+00 0.10557811350045E-01 -.22313526032174E+01
 186 0.19017567256474E+00 0.11077924992144E-01 -.22311421741292E+01
 187 0.19487301167709E+00 0.11623246201313E-01 -.22309143618661E+01
 188 0.19968637506552E+00 0.12194954031462E-01 -.22306676180294E+01
 189 0.20461862852964E+00 0.12794278264458E-01 -.22304002509431E+01
 190 0.20967270865432E+00 0.13422501123330E-01 -.22301104123253E+01
 191 0.21485162455808E+00 0.14080958990115E-01 -.22297960827528E+01
 192 0.22015845968466E+00 0.14771044120847E-01 -.22294550558161E+01
 193 0.22559637363887E+00 0.15494206349089E-01 -.22290849208553E+01
 194 0.23116860406776E+00 0.16251954768259E-01 -.22286830441609E+01
 195 0.23687846858823E+00 0.17045859381671E-01 -.22282465485151E+01
 196 0.24272936676236E+00 0.17877552707813E-01 -.22277722909405E+01
 197 0.24872478212139E+00 0.18748731326779E-01 -.22272568385166E+01
 198 0.25486828423979E+00 0.19661157352120E-01 -.22266964421150E+01
 199 0.26116353086051E+00 0.20616659810471E-01 -.22260870078970E+01
 200 0.26761427007276E+00 0.21617135909306E-01 -.22254240664108E+01
 201 0.27422434254356E+00 0.22664552170997E-01 -.22247027391142E+01
 202 0.28099768380439E+00 0.23760945408939E-01 -.22239177021481E+01
 203 0.28793832659436E+00 0.24908423519002E-01 -.22230631471736E+01
 204 0.29505040326124E+00 0.26109166056765E-01 -.22221327390871E+01
 205 0.30233814822179E+00 0.27365424568102E-01 -.22211195704196E+01
 206 0.30980590048287E+00 0.28679522637513E-01 -.22200161122286E+01
 207 0.31745810622479E+00 0.30053855615291E-01 -.22188141612910E+01
 208 0.32529932144855E+00 0.31490889981087E-01 -.22175047834086E+01
 209 0.33333421468832E+00 0.32993162297751E-01 -.22160782526484E+01
 210 0.34156756979113E+00 0.34563277705480E-01 -.22145239863498E+01
 211 0.35000428876497E+00 0.36203907902304E-01 -.22128304757493E+01
 212 0.35864939469746E+00 0.37917788552873E-01 -.22109852120989E+01
 213 0.36750803474649E+00 0.39707716063333E-01 -.22089746081825E+01
 214 0.37658548320473E+00 0.41576543655947E-01 -.22067839151801E+01
 215 0.38588714463988E+00 0.43527176673016E-01 -.22043971348754E+01
 216 0.39541855711249E+00 0.45562567035694E-01 -.22017969272689E+01
 217 0.40518539547317E+00 0.47685706779650E-01 -.21989645137337E+01
 218 0.41519347474135E+00 0.49899620586171E-01 -.21958795759456E+01
 219 0.42544875356747E+00 0.52207357224581E-01 -.21925201509272E+01
 220 0.43595733778058E+00 0.54611979819780E-01 -.21888625226815E+01
 221 0.44672548402376E+00 0.57116554857604E-01 -.21848811110443E+01
 222 0.45775960347915E+00 0.59724139840781E-01 -.21805483585647E+01
 223 0.46906626568509E+00 0.62437769509817E-01 -.21758346164381E+01
 224 0.48065220244751E+00 0.65260440546521E-01 -.21707080307585E+01
 225 0.49252431184796E+00 0.68195094683416E-01 -.21651344306355E+01
 226 0.50468966235060E+00 0.71244600150498E-01 -.21590772200446E+01
 227 0.51715549701066E+00 0.74411731402068E-01 -.21524972756368E+01
 228 0.52992923778683E+00 0.77699147081282E-01 -.21453528531450E+01
 229 0.54301848996016E+00 0.81109366199178E-01 -.21375995054764E+01
 230 0.55643104666218E+00 0.84644742528866E-01 -.21291900160856E+01
 231 0.57017489351473E+00 0.88307437244948E-01 -.21200743517789E+01
 232 0.58425821338455E+00 0.92099389873768E-01 -.21101996397036E+01
 233 0.59868939125515E+00 0.96022287662359E-01 -.20995101739299E+01
 234 0.61347701921915E+00 0.10007753352372E+00 -.20879474577286E+01
 235 0.62862990159386E+00 0.10426621277374E+00 -.20754502883822E+01
 236 0.64415706016323E+00 0.10858905894127E+00 -.20619548921248E+01
 237 0.66006773954926E+00 0.11304641900791E+00 -.20473951175767E+01
 238 0.67637141271613E+00 0.11763821851771E+00 -.20317026968068E+01
 239 0.69307778661022E+00 0.12236392708973E+00 -.20148075838825E+01
 240 0.71019680793949E+00 0.12722252496659E+00 -.19966383814373E+01
 241 0.72773866909559E+00 0.13221247134000E+00 -.19771228663469E+01
 242 0.74571381422226E+00 0.13733167530629E+00 -.19561886260209E+01
 243 0.76413294543355E+00 0.14257747042091E+00 -.19337638170167E+01
 244 0.78300702918575E+00 0.14794659393488E+00 -.19097780576169E+01
 245 0.80234730280664E+00 0.15343517190628E+00 -.18841634655867E+01
 246 0.82216528118597E+00 0.15903871147846E+00 -.18568558514691E+01
 247 0.84247276363126E+00 0.16475210169862E+00 -.18277960763800E+01
 248 0.86328184089295E+00 0.17056962430654E+00 -.17969315812294E+01
 249 0.88460490236301E+00 0.17648497594446E+00 -.17642180915059E+01
 250 0.90645464345137E+00 0.18249130321490E+00 -.17296214981015E+01
 251 0.92884407314462E+00 0.18858125193102E+00 -.16931199100066E+01
 252 0.95178652175129E+00 0.19474703175115E+00 -.16547058689508E+01
 253 0.97529564883855E+00 0.20098049715198E+00 -.16143887090973E+01
 254 0.99938545136486E+00 0.20727324535914E+00 -.15721970366100E+01
 255 0.10240702720136E+01 0.21361673140658E+00 -.15281812942244E+01
 256 0.10493648077323E+01 0.22000239992481E+00 -.14824163647763E+01
 257 0.10752841184833E+01 0.22642183255313E+00 -.14350041549217E+01
 258 0.11018436362098E+01 0.23286690902516E+00 -.13860760859517E+01
 259 0.11290591740242E+01 0.23932997898965E+00 -.13357954025842E+01
 260 0.11569469356226E+01 0.24580404050262E+00 -.12843591928201E+01
 261 0.11855235249325E+01 0.25228291987641E+00 -.12319999922111E+01
 262 0.12148059559983E+01 0.25876144621714E+00 -.11789868239880E+01
 263 0.12448116631115E+01 0.26523561256087E+00 -.11256255021273E+01
 264 0.12755585111903E+01 0.27170271408092E+00 -.10722579972041E+01
 265 0.13070648064167E+01 0.27816145245493E+00 -.10192606344158E+01
 266 0.13393493071352E+01 0.28461199424934E+00 -.96704085925947E+00
 267 0.13724312350215E+01 0.29105597023044E+00 -.91603226934643E+00
 268 0.14063302865265E+01 0.29749640202147E+00 -.86668757219598E+00
 269 0.14410666446037E+01 0.30393754272872E+00 -.81946909219711E+00
 270 0.14766609907254E+01 0.31038461936218E+00 -.77483642250087E+00
 271 0.15131345171963E+01 0.31684346747614E+00 -.73323081252348E+00
 272 0.15505089397711E+01 0.32332005295085E+00 -.69505592092374E+00
 273 0.15888065105834E+01 0.32981988282569E+00 -.66065468199125E+00
 274 0.16280500313948E+01 0.33634731724367E+00 -.63028228230315E+00
 275 0.16682628671703E+01 0.34290480851741E+00 -.60407569874311E+00
 276 0.17094689599894E+01 0.34949211150830E+00 -.58202101059447E+00
 277 0.17516928433011E+01 0.35610553179015E+00 -.56392090127010E+00
 278 0.17949596565307E+01 0.36273730316281E+00 -.54936657727385E+00
 279 0.18392951600470E+01 0.36937521062657E+00 -.53772095528764E+00
 280 0.18847257505002E+01 0.37600259209194E+00 -.52812363812864E+00
 281 0.19312784765375E+01 0.38259884960512E+00 -.51953318853178E+00
 282 0.19789810549080E+01 0.38914055828983E+00 -.51082884412131E+00
 283 0.20278618869642E+01 0.39560314631741E+00 -.50100253770309E+00
 284 0.20779500755722E+01 0.40196288306837E+00 -.48948356457040E+00
 285 0.21292754424389E+01 0.40819848256879E+00 -.47665355664739E+00
 286 0.21818685458671E+01 0.41429112324799E+00 -.46395568534044E+00
 287 0.22357606989500E+01 0.42022246281772E+00 -.45177864992807E+00
 288 0.22909839882141E+01 0.42597305500329E+00 -.44007674236667E+00
 289 0.23475712927230E+01 0.43152276043033E+00 -.42880918337977E+00
 290 0.24055563036532E+01 0.43685080452551E+00 -.41793992835325E+00
 291 0.24649735443535E+01 0.44193581084167E+00 -.40743734789297E+00
 292 0.25258583908990E+01 0.44675590694469E+00 -.39727383440442E+00
 293 0.25882470931542E+01 0.45128882665286E+00 -.38742537530999E+00
 294 0.26521767963551E+01 0.45551202214923E+00 -.37787112277199E+00
 295 0.27176855632251E+01 0.45940278434070E+00 -.36859298030731E+00
 296 0.27848123966367E+01 0.46293837115739E+00 -.35957521898997E+00
 297 0.28535972628337E+01 0.46609614354144E+00 -.35080413009876E+00
 298 0.29240811152257E+01 0.46885370881381E+00 -.34226771688106E+00
 299 0.29963059187717E+01 0.47118907103764E+00 -.33395542527187E+00
 300 0.30703146749654E+01 0.47308078790355E+00 -.32585791161639E+00
 301 0.31461514474370E+01 0.47450813354963E+00 -.31796684441612E+00
 302 0.32238613881887E+01 0.47545126659984E+00 -.31027473662332E+00
 303 0.33034907644770E+01 0.47589140256085E+00 -.30277480487140E+00
 304 0.33850869863596E+01 0.47581098956291E+00 -.29546085211784E+00
 305 0.34686986349226E+01 0.47519388626563E+00 -.28832717040080E+00
 306 0.35543754912052E+01 0.47402554058003E+00 -.28136846070601E+00
 307 0.36421685658380E+01 0.47229316768439E+00 -.27457976726496E+00
 308 0.37321301294142E+01 0.46998592563919E+00 -.26795642393266E+00
 309 0.38243137436107E+01 0.46709508673774E+00 -.26149401060571E+00
 310 0.39187742930779E+01 0.46361420257010E+00 -.25518831793133E+00
 311 0.40155680181169E+01 0.45953926063221E+00 -.24903531881976E+00
 312 0.41147525481644E+01 0.45486883018605E+00 -.24303114550551E+00
 313 0.42163869361041E+01 0.44960419497517E+00 -.23717207110697E+00
 314 0.43205316934259E+01 0.44374947032977E+00 -.23145449481152E+00
 315 0.44272488262535E+01 0.43731170216182E+00 -.22587492996509E+00
 316 0.45366018722619E+01 0.43030094536064E+00 -.22042999447529E+00
 317 0.46486559385068E+01 0.42273031915766E+00 -.21511640304662E+00
 318 0.47634777401879E+01 0.41461603714168E+00 -.20993096085842E+00
 319 0.48811356403706E+01 0.40597740977681E+00 -.20487055837299E+00
 320 0.50016996906877E+01 0.39683681750791E+00 -.19993216702424E+00
 321 0.51252416730477E+01 0.38721965283484E+00 -.19511283558979E+00
 322 0.52518351423720E+01 0.37715423009530E+00 -.19040968709103E+00
 323 0.53815554703886E+01 0.36667166211945E+00 -.18581991610060E+00
 324 0.55144798905072E+01 0.35580570340228E+00 -.18134078636332E+00
 325 0.56506875438027E+01 0.34459255996669E+00 -.17696962865897E+00
 326 0.57902595261346E+01 0.33307066666938E+00 -.17270383885217E+00
 327 0.59332789364302E+01 0.32128043232826E+00 -.16854087608784E+00
 328 0.60798309261600E+01 0.30926395985212E+00 -.16447826110140E+00
 329 0.62300027500361E+01 0.29706473305525E+00 -.16051357462050E+00
 330 0.63838838179620E+01 0.28472728481196E+00 -.15664445584116E+00
 331 0.65415657482657E+01 0.27229684444545E+00 -.15286860096584E+00
 332 0.67031424222479E+01 0.25981896993190E+00 -.14918376179406E+00
 333 0.68687100400774E+01 0.24733916974802E+00 -.14558774435898E+00
 334 0.70383671780673E+01 0.23490251957484E+00 -.14207840760486E+00
 335 0.72122148473655E+01 0.22255327935527E+00 -.13865366210176E+00
 336 0.73903565540955E+01 0.21033451637294E+00 -.13531146879486E+00
 337 0.75728983609816E+01 0.19828774006614E+00 -.13204983778620E+00
 338 0.77599489504979E+01 0.18645255420574E+00 -.12886682714727E+00
 339 0.79516196895752E+01 0.17486633184779E+00 -.12576054176124E+00
 340 0.81480246959077E+01 0.16356391812229E+00 -.12272913219365E+00
 341 0.83492809058966E+01 0.15257736544452E+00 -.11977079359070E+00
 342 0.85555081442722E+01 0.14193570514714E+00 -.11688376460432E+00
 343 0.87668291954358E+01 0.13166475884295E+00 -.11406632634332E+00
 344 0.89833698765630E+01 0.12178699205891E+00 -.11131680134981E+00
 345 0.92052591125141E+01 0.11232141185395E+00 -.10863355260050E+00
 346 0.94326290125932E+01 0.10328350926745E+00 -.10601498253192E+00
 347 0.96656149492043E+01 0.94685246569101E-01 -.10345953208929E+00
 348 0.99043556384496E+01 0.86535088416488E-01 -.10096567979826E+00
 349 0.10148993222719E+02 0.78838075199755E-01 -.98531940859041E-01
 350 0.10399673355321E+02 0.71595936084447E-01 -.96156866262357E-01
 351 0.10656545287197E+02 0.64807238574013E-01 -.93839041926764E-01
 352 0.10919761955791E+02 0.58467570819099E-01 -.91577087856702E-01
 353 0.11189480076099E+02 0.52569752414577E-01 -.89369657320875E-01
 354 0.11465860233978E+02 0.47104069055995E-01 -.87215436050428E-01
 355 0.11749066981758E+02 0.42058526179817E-01 -.85113141456453E-01
 356 0.12039268936207E+02 0.37419116586962E-01 -.83061521866353E-01
 357 0.12336638878931E+02 0.33170097043787E-01 -.81059355778621E-01
 358 0.12641353859241E+02 0.29294268962049E-01 -.79105451135571E-01
 359 0.12953595299564E+02 0.25773258470073E-01 -.77198644613614E-01
 360 0.13273549103463E+02 0.22587791489197E-01 -.75337800930628E-01
 361 0.13601405766319E+02 0.19717959808837E-01 -.73521812170028E-01
 362 0.13937360488747E+02 0.17143474595120E-01 -.71749597121136E-01
 363 0.14281613292819E+02 0.14843904256507E-01 -.70020100635440E-01
 364 0.14634369141152E+02 0.12798894109442E-01 -.68332292998381E-01
 365 0.14995838058938E+02 0.10988365822918E-01 -.66685169316269E-01
 366 0.15366235258994E+02 0.93926951585398E-02 -.65077748917995E-01
 367 0.15745781269891E+02 0.79928670494653E-02 -.63509074771147E-01
 368 0.16134702067257E+02 0.67706075658315E-02 -.61978212912215E-01
 369 0.16533229208319E+02 0.57084927862186E-02 -.60484251890521E-01
 370 0.16941599969764E+02 0.47900350261207E-02 -.59026302225551E-01
 371 0.17360057489017E+02 0.39997472589055E-02 -.57603495877380E-01
 372 0.17788850908996E+02 0.33231868976042E-02 -.56214985729851E-01
 373 0.18228235526448E+02 0.27469803839863E-02 -.54859945086224E-01
 374 0.18678472943952E+02 0.22588302532017E-02 -.53537567176953E-01
 375 0.19139831225667E+02 0.18475065076809E-02 -.52247064679373E-01
 376 0.19612585056941E+02 0.15028242441929E-02 -.50987669248925E-01
 377 0.20097015907848E+02 0.12156095353535E-02 -.49758631061702E-01
 378 0.20593412200771E+02 0.97765557489255E-03 -.48559218368011E-01
 379 0.21102069482130E+02 0.78167105898129E-03 -.47388717056712E-01
 380 0.21623290598339E+02 0.62122269897564E-03 -.46246430230030E-01
 381 0.22157385876118E+02 0.49067364973361E-03 -.45131677788650E-01
 382 0.22704673307258E+02 0.38511949828881E-03 -.44043796026789E-01
 383 0.23265478737947E+02 0.30032329642673E-03 -.42982137237035E-01
 384 0.23840136062775E+02 0.23265094396586E-03 -.41946069324715E-01
 385 0.24428987423525E+02 0.17900804351254E-03 -.40934975431555E-01
 386 0.25032383412886E+02 0.13677915804867E-03 -.39948253568416E-01
 387 0.25650683283185E+02 0.10377021536352E-03 -.38985316256871E-01
 388 0.26284255160279E+02 0.78154622960899E-04 -.38045590179439E-01
 389 0.26933476262738E+02 0.58423487505942E-04 -.37128515838235E-01
 390 0.27598733126428E+02 0.43340179049643E-04 -.36233547221855E-01
 391 0.28280421834651E+02 0.31899335822595E-04 -.35360151480292E-01
 392 0.28978948253966E+02 0.23290321736436E-04 -.34507808607682E-01
 393 0.29694728275839E+02 0.16864902834511E-04 -.33676011132703E-01
 394 0.30428188064253E+02 0.12109239396478E-04 -.32864263816438E-01
 395 0.31179764309440E+02 0.86195679702091E-05 -.32072083357508E-01
 396 0.31949904487883E+02 0.60813250422353E-05 -.31298998104331E-01
 397 0.32739067128734E+02 0.42516672733798E-05 -.30544547774306E-01
 398 0.33547722086813E+02 0.29448954627108E-05 -.29808283179765E-01
 399 0.34376350822358E+02 0.20203602331613E-05 -.29089765960540E-01
 400 0.35225446687670E+02 0.13725629740266E-05 -.28388568322963E-01
 401 0.36095515220855E+02 0.92315346663849E-06 -.27704272785169E-01
 402 0.36987074446810E+02 0.61453218410425E-06 -.27036471928534E-01
 403 0.37900655185647E+02 0.40479268597565E-06 -.26384768155103E-01
 404 0.38836801368732E+02 0.26376875284454E-06 -.25748773450867E-01
 405 0.39796070362540E+02 0.16998052338728E-06 -.25128109154745E-01
 406 0.40779033300494E+02 0.10830277374062E-06 -.24522405733136E-01
 407 0.41786275423017E+02 0.68205751436267E-07 -.23931302559907E-01
 408 0.42818396425965E+02 0.42444034150128E-07 -.23354447701675E-01
 409 0.43876010817686E+02 0.26091349033045E-07 -.22791497708281E-01
 410 0.44959748284883E+02 0.15838982141137E-07 -.22242117408296E-01
 411 0.46070254067520E+02 0.94923128572839E-08 -.21705979709472E-01
 412 0.47208189342988E+02 0.56142337607968E-08 -.21182765403993E-01
 413 0.48374231619759E+02 0.32759599799010E-08 -.20672162978426E-01
 414 0.49569075140768E+02 0.18852482177252E-08 -.20173868428248E-01
 415 0.50793431296744E+02 0.10696179154960E-08 -.19687585076850E-01
 416 0.52048029049774E+02 0.59808553304711E-09 -.19213023398897E-01
 417 0.53333615367303E+02 0.32946753083594E-09 -.18749900847953E-01
 418 0.54650955666876E+02 0.17873622494813E-09 -.18297941688253E-01
 419 0.56000834271848E+02 0.95454132041411E-10 -.17856876830539E-01
 420 0.57384054878362E+02 0.50163301103192E-10 -.17426443671844E-01
 421 0.58801441033858E+02 0.25930391689594E-10 -.17006385939147E-01
 422 0.60253836627394E+02 0.13178961164051E-10 -.16596453536789E-01
 423 0.61742106392091E+02 0.65828662943670E-11 -.16196402397569E-01
 424 0.63267136419975E+02 0.32301138838507E-11 -.15805994337434E-01
 425 0.64829834689549E+02 0.15562955852374E-11 -.15424996913667E-01
 426 0.66431131606381E+02 0.73591861242076E-12 -.15053183286490E-01
 427 0.68071980557058E+02 0.34137001328419E-12 -.14690332084015E-01
 428 0.69753358476818E+02 0.15523073840738E-12 -.14336227270435E-01
 429 0.71476266431195E+02 0.69156892872849E-13 -.13990658017405E-01
 430 0.73241730212046E+02 0.00000000000000E+00 -.13653418578516E-01
 431 0.75050800948283E+02 0.00000000000000E+00 -.13324308166796E-01
 432 0.76904555731706E+02 0.00000000000000E+00 -.13003130835168E-01
 433 0.78804098258279E+02 0.00000000000000E+00 -.12689695359781E-01
433  0.10247000000000E+01
   1 0.20833333333333E-02 0.21124504650978E-08 -.15249413054930E+01
   2 0.21347916666667E-02 0.22728812322614E-08 -.15249413222638E+01
   3 0.21875210208333E-02 0.24454959684591E-08 -.15249413379254E+01
   4 0.22415527900479E-02 0.26312199893522E-08 -.15249413524692E+01
   5 0.22969191439621E-02 0.28310490224288E-08 -.15249413658850E+01
   6 0.23536530468180E-02 0.30460541247239E-08 -.15249413781614E+01
   7 0.24117882770744E-02 0.32773878491342E-08 -.15249413892847E+01
   8 0.24713594475181E-02 0.35262902765322E-08 -.15249413992401E+01
   9 0.25324020258718E-02 0.37940956663218E-08 -.15249414080106E+01
  10 0.25949523559108E-02 0.40822396083765E-08 -.15249414155776E+01
  11 0.26590476791018E-02 0.43922667185662E-08 -.15249414219204E+01
  12 0.27247261567756E-02 0.47258389187248E-08 -.15249414270164E+01
  13 0.27920268928480E-02 0.50847443454352E-08 -.15249414308409E+01
  14 0.28609899571013E-02 0.54709069353876E-08 -.15249414333672E+01
  15 0.29316564090418E-02 0.58863967386919E-08 -.15249414345663E+01
  16 0.30040683223451E-02 0.63334410154286E-08 -.15249414344066E+01
  17 0.30782688099070E-02 0.68144361749190E-08 -.15249414328546E+01
  18 0.31543020495117E-02 0.73319606217158E-08 -.15249414298739E+01
  19 0.32322133101346E-02 0.78887885771715E-08 -.15249414254257E+01
  20 0.33120489788950E-02 0.84879049506743E-08 -.15249414194682E+01
  21 0.33938565886737E-02 0.91325213402669E-08 -.15249414119570E+01
  22 0.34776848464139E-02 0.98260932484169E-08 -.15249414028446E+01
  23 0.35635836621203E-02 0.10572338605220E-07 -.15249413920805E+01
  24 0.36516041785747E-02 0.11375257698330E-07 -.15249413796109E+01
  25 0.37417988017855E-02 0.12239154616440E-07 -.15249413653786E+01
  26 0.38342212321896E-02 0.13168660321265E-07 -.15249413493228E+01
  27 0.39289264966247E-02 0.14168757471693E-07 -.15249413313791E+01
  28 0.40259709810913E-02 0.15244807133172E-07 -.15249413114792E+01
  29 0.41254124643243E-02 0.16402577515502E-07 -.15249412895507E+01
  30 0.42273101521931E-02 0.17648274893070E-07 -.15249412655171E+01
  31 0.43317247129523E-02 0.18988576873268E-07 -.15249412392973E+01
  32 0.44387183133622E-02 0.20430668191424E-07 -.15249412108056E+01
  33 0.45483546557022E-02 0.21982279224110E-07 -.15249411799515E+01
  34 0.46606990156981E-02 0.23651727427257E-07 -.15249411466393E+01
  35 0.47758182813858E-02 0.25447961921209E-07 -.15249411107681E+01
  36 0.48937809929360E-02 0.27380611461673E-07 -.15249410722314E+01
  37 0.50146573834616E-02 0.29460036053723E-07 -.15249410309167E+01
  38 0.51385194208331E-02 0.31697382485478E-07 -.15249409867055E+01
  39 0.52654408505276E-02 0.34104644079147E-07 -.15249409394728E+01
  40 0.53954972395357E-02 0.36694724979688E-07 -.15249408890868E+01
  41 0.55287660213522E-02 0.39481509325682E-07 -.15249408354089E+01
  42 0.56653265420796E-02 0.42479935673152E-07 -.15249407782927E+01
  43 0.58052601076690E-02 0.45706077071260E-07 -.15249407175843E+01
  44 0.59486500323284E-02 0.49177227219058E-07 -.15249406531215E+01
  45 0.60955816881269E-02 0.52911993165093E-07 -.15249405847338E+01
  46 0.62461425558236E-02 0.56930395046704E-07 -.15249405122413E+01
  47 0.64004222769525E-02 0.61253973403606E-07 -.15249404354550E+01
  48 0.65585127071932E-02 0.65905904640930E-07 -.15249403541760E+01
  49 0.67205079710609E-02 0.70911125260552E-07 -.15249402681949E+01
  50 0.68865045179461E-02 0.76296465526569E-07 -.15249401772916E+01
  51 0.70566011795393E-02 0.82090793281288E-07 -.15249400812344E+01
  52 0.72308992286740E-02 0.88325168682549E-07 -.15249399797797E+01
  53 0.74095024396222E-02 0.95033010691661E-07 -.15249398726714E+01
  54 0.75925171498809E-02 0.10225027620426E-06 -.15249397596401E+01
  55 0.77800523234829E-02 0.11001565278412E-06 -.15249396404026E+01
  56 0.79722196158730E-02 0.11837076603280E-06 -.15249395146611E+01
  57 0.81691334403850E-02 0.12736040270652E-06 -.15249393821025E+01
  58 0.83709110363625E-02 0.13703275077603E-06 -.15249392423979E+01
  59 0.85776725389607E-02 0.14743965771579E-06 -.15249390952012E+01
  60 0.87895410506730E-02 0.15863690840696E-06 -.15249389401490E+01
  61 0.90066427146247E-02 0.17068452414316E-06 -.15249387768590E+01
  62 0.92291067896759E-02 0.18364708434155E-06 -.15249386049297E+01
  63 0.94570657273809E-02 0.19759407268311E-06 -.15249384239389E+01
  64 0.96906552508472E-02 0.21260024953705E-06 -.15249382334430E+01
  65 0.99300144355431E-02 0.22874605266498E-06 -.15249380329758E+01
  66 0.10175285792101E-01 0.24611802835208E-06 -.15249378220475E+01
  67 0.10426615351166E-01 0.26480929527536E-06 -.15249376001433E+01
  68 0.10684152750340E-01 0.28492004359469E-06 -.15249373667220E+01
  69 0.10948051323273E-01 0.30655807194073E-06 -.15249371212154E+01
  70 0.11218468190958E-01 0.32983936517699E-06 -.15249368630260E+01
  71 0.11495564355275E-01 0.35488871603169E-06 -.15249365915261E+01
  72 0.11779504794850E-01 0.38184039393000E-06 -.15249363060562E+01
  73 0.12070458563283E-01 0.41083886461001E-06 -.15249360059233E+01
  74 0.12368598889796E-01 0.44203956437785E-06 -.15249356903990E+01
  75 0.12674103282374E-01 0.47560973314987E-06 -.15249353587182E+01
  76 0.12987153633448E-01 0.51172931074484E-06 -.15249350100768E+01
  77 0.13307936328195E-01 0.55059190122736E-06 -.15249346436299E+01
  78 0.13636642355501E-01 0.59240581046872E-06 -.15249342584896E+01
  79 0.13973467421682E-01 0.63739516248279E-06 -.15249338537230E+01
  80 0.14318612066997E-01 0.68580110051676E-06 -.15249334283497E+01
  81 0.14672281785052E-01 0.73788307933007E-06 -.15249329813395E+01
  82 0.15034687145143E-01 0.79392025558311E-06 -.15249325116099E+01
  83 0.15406043917628E-01 0.85421298378236E-06 -.15249320180231E+01
  84 0.15786573202393E-01 0.91908442579372E-06 -.15249314993835E+01
  85 0.16176501560493E-01 0.98888228254353E-06 -.15249309544348E+01
  86 0.16576061149037E-01 0.10639806571808E-05 -.15249303818563E+01
  87 0.16985489859418E-01 0.11447820596772E-05 -.15249297802603E+01
  88 0.17405031458946E-01 0.12317195635996E-05 -.15249291481880E+01
  89 0.17834935735981E-01 0.13252591266011E-05 -.15249284841064E+01
  90 0.18275458648660E-01 0.14259020870568E-05 -.15249277864039E+01
  91 0.18726862477282E-01 0.15341878502076E-05 -.15249270533867E+01
  92 0.19189415980471E-01 0.16506967781938E-05 -.15249262832742E+01
  93 0.19663394555189E-01 0.17760532994474E-05 -.15249254741946E+01
  94 0.20149080400702E-01 0.19109292540862E-05 -.15249246241799E+01
  95 0.20646762686599E-01 0.20560474932144E-05 -.15249237311615E+01
  96 0.21156737724958E-01 0.22121857513925E-05 -.15249227929640E+01
  97 0.21679309146765E-01 0.23801808129979E-05 -.15249218073005E+01
  98 0.22214788082690E-01 0.25609329947705E-05 -.15249207717659E+01
  99 0.22763493348332E-01 0.27554109685250E-05 -.15249196838312E+01
 100 0.23325751634036E-01 0.29646569498303E-05 -.15249185408368E+01
 101 0.23901897699397E-01 0.31897922804120E-05 -.15249173399855E+01
 102 0.24492274572572E-01 0.34320234341343E-05 -.15249160783350E+01
 103 0.25097233754514E-01 0.36926484786836E-05 -.15249147527907E+01
 104 0.25717135428251E-01 0.39730640275055E-05 -.15249133600967E+01
 105 0.26352348673328E-01 0.42747727191647E-05 -.15249118968278E+01
 106 0.27003251685560E-01 0.45993912641145E-05 -.15249103593802E+01
 107 0.27670232002193E-01 0.49486591018869E-05 -.15249087439615E+01
 108 0.28353686732647E-01 0.53244477149718E-05 -.15249070465810E+01
 109 0.29054022794944E-01 0.57287706491573E-05 -.15249052630385E+01
 110 0.29771657157979E-01 0.61637942938669E-05 -.15249033889127E+01
 111 0.30507017089781E-01 0.66318494800843E-05 -.15249014195494E+01
 112 0.31260540411898E-01 0.71354439578086E-05 -.15248993500486E+01
 113 0.32032675760072E-01 0.76772758196725E-05 -.15248971752506E+01
 114 0.32823882851346E-01 0.82602479423922E-05 -.15248948897217E+01
 115 0.33634632757774E-01 0.88874835231372E-05 -.15248924877391E+01
 116 0.34465408186891E-01 0.95623427937351E-05 -.15248899632740E+01
 117 0.35316703769107E-01 0.10288441001894E-04 -.15248873099753E+01
 118 0.36189026352204E-01 0.11069667755358E-04 -.15248845211503E+01
 119 0.37082895303104E-01 0.11910207832168E-04 -.15248815897458E+01
 120 0.37998842817091E-01 0.12814563567970E-04 -.15248785083275E+01
 121 0.38937414234673E-01 0.13787578939715E-04 -.15248752690576E+01
 122 0.39899168366269E-01 0.14834465474076E-04 -.15248718636717E+01
 123 0.40884677824916E-01 0.15960830118608E-04 -.15248682834538E+01
 124 0.41894529367191E-01 0.17172705224070E-04 -.15248645192101E+01
 125 0.42929324242561E-01 0.18476580797538E-04 -.15248605612403E+01
 126 0.43989678551352E-01 0.19879439197944E-04 -.15248563993080E+01
 127 0.45076223611571E-01 0.21388792458633E-04 -.15248520226083E+01
 128 0.46189606334776E-01 0.23012722435395E-04 -.15248474197340E+01
 129 0.47330489611245E-01 0.24759923993415E-04 -.15248425786385E+01
 130 0.48499552704643E-01 0.26639751462594E-04 -.15248374865978E+01
 131 0.49697491656448E-01 0.28662268607982E-04 -.15248321301679E+01
 132 0.50925019700362E-01 0.30838302380599E-04 -.15248264951408E+01
 133 0.52182867686961E-01 0.33179500733845E-04 -.15248205664970E+01
 134 0.53471784518829E-01 0.35698394812125E-04 -.15248143283545E+01
 135 0.54792537596444E-01 0.38408465841307E-04 -.15248077639139E+01
 136 0.56145913275076E-01 0.41324217075373E-04 -.15248008554007E+01
 137 0.57532717332971E-01 0.44461251180155E-04 -.15247935840022E+01
 138 0.58953775451095E-01 0.47836353463593E-04 -.15247859298005E+01
 139 0.60409933704737E-01 0.51467581392599E-04 -.15247778717005E+01
 140 0.61902059067244E-01 0.55374360869490E-04 -.15247693873527E+01
 141 0.63431039926205E-01 0.59577589776341E-04 -.15247604530696E+01
 142 0.64997786612382E-01 0.64099749333524E-04 -.15247510437370E+01
 143 0.66603231941708E-01 0.68965023859487E-04 -.15247411327174E+01
 144 0.68248331770668E-01 0.74199429562536E-04 -.15247306917471E+01
 145 0.69934065565404E-01 0.79830953042391E-04 -.15247196908244E+01
 146 0.71661436984869E-01 0.85889700229679E-04 -.15247080980900E+01
 147 0.73431474478395E-01 0.92408056545620E-04 -.15246958796975E+01
 148 0.75245231898012E-01 0.99420859122249E-04 -.15246829996741E+01
 149 0.77103789125893E-01 0.10696558198579E-03 -.15246694197701E+01
 150 0.79008252717302E-01 0.11508253517260E-03 -.15246550992962E+01
 151 0.80959756559420E-01 0.12381507881888E-03 -.15246399949484E+01
 152 0.82959462546437E-01 0.13320985334203E-03 -.15246240606177E+01
 153 0.85008561271334E-01 0.14331702691416E-03 -.15246072471853E+01
 154 0.87108272734736E-01 0.15419056151651E-03 -.15245895023007E+01
 155 0.89259847071284E-01 0.16588849895827E-03 -.15245707701409E+01
 156 0.91464565293945E-01 0.17847326834470E-03 -.15245509911504E+01
 157 0.93723740056705E-01 0.19201201658852E-03 -.15245301017590E+01
 158 0.96038716436106E-01 0.20657696367442E-03 -.15245080340764E+01
 159 0.98410872732078E-01 0.22224578451198E-03 -.15244847155600E+01
 160 0.10084162128856E+00 0.23910201934528E-03 -.15244600686552E+01
 161 0.10333240933439E+00 0.25723551483073E-03 -.15244340104051E+01
 162 0.10588471984495E+00 0.27674289804748E-03 -.15244064520259E+01
 163 0.10850007242512E+00 0.29772808586846E-03 -.15243772984462E+01
 164 0.11118002421402E+00 0.32030283229493E-03 -.15243464478057E+01
 165 0.11392617081210E+00 0.34458731654470E-03 -.15243137909114E+01
 166 0.11674014723116E+00 0.37071077488379E-03 -.15242792106442E+01
 167 0.11962362886777E+00 0.39881217940500E-03 -.15242425813152E+01
 168 0.12257833250081E+00 0.42904096718476E-03 -.15242037679640E+01
 169 0.12560601731358E+00 0.46155782349302E-03 -.15241626255950E+01
 170 0.12870848594122E+00 0.49653552299048E-03 -.15241189983458E+01
 171 0.13188758554397E+00 0.53415983312429E-03 -.15240727185812E+01
 172 0.13514520890691E+00 0.57463048422842E-03 -.15240236059062E+01
 173 0.13848329556691E+00 0.61816221114916E-03 -.15239714660904E+01
 174 0.14190383296741E+00 0.66498587155061E-03 -.15239160898947E+01
 175 0.14540885764170E+00 0.71534964641108E-03 -.15238572517932E+01
 176 0.14900045642545E+00 0.76952032859970E-03 -.15237947085783E+01
 177 0.15268076769916E+00 0.82778470582443E-03 -.15237281978400E+01
 178 0.15645198266133E+00 0.89045104466958E-03 -.15236574363067E+01
 179 0.16031634663307E+00 0.95785068289351E-03 -.15235821180348E+01
 180 0.16427616039490E+00 0.10303397376369E-02 -.15235019124334E+01
 181 0.16833378155666E+00 0.11083009377001E-02 -.15234164621094E+01
 182 0.17249162596111E+00 0.11921455885852E-02 -.15233253805145E+01
 183 0.17675216912235E+00 0.12823156795653E-02 -.15232282493784E+01
 184 0.18111794769967E+00 0.13792861426448E-02 -.15231246159070E+01
 185 0.18559156100785E+00 0.14835672739018E-02 -.15230139897241E+01
 186 0.19017567256474E+00 0.15957073283724E-02 -.15228958395344E+01
 187 0.19487301167709E+00 0.17162953003312E-02 -.15227695894813E+01
 188 0.19968637506552E+00 0.18459639015572E-02 -.15226346151721E+01
 189 0.20461862852964E+00 0.19853927509389E-02 -.15224902393413E+01
 190 0.20967270865432E+00 0.21353117895765E-02 -.15223357271189E+01
 191 0.21485162455808E+00 0.22965049363726E-02 -.15221702808691E+01
 192 0.22015845968466E+00 0.24698139999731E-02 -.15219930345604E+01
 193 0.22559637363887E+00 0.26561428638242E-02 -.15218030476271E+01
 194 0.23116860406776E+00 0.28564619620396E-02 -.15215992982765E+01
 195 0.23687846858823E+00 0.30718130647420E-02 -.15213806761951E+01
 196 0.24272936676236E+00 0.33033143925235E-02 -.15211459746006E+01
 197 0.24872478212139E+00 0.35521660806877E-02 -.15208938815858E+01
 198 0.25486828423979E+00 0.38196560149613E-02 -.15206229706932E+01
 199 0.26116353086051E+00 0.41071660614083E-02 -.15203316906566E+01
 200 0.26761427007276E+00 0.44161787143282E-02 -.15200183542427E+01
 201 0.27422434254356E+00 0.47482841869653E-02 -.15196811261166E+01
 202 0.28099768380439E+00 0.51051879708972E-02 -.15193180096569E+01
 203 0.28793832659436E+00 0.54887188909811E-02 -.15189268326350E+01
 204 0.29505040326124E+00 0.59008376837211E-02 -.15185052316723E+01
 205 0.30233814822179E+00 0.63436461278501E-02 -.15180506353830E+01
 206 0.30980590048287E+00 0.68193967567877E-02 -.15175602461057E+01
 207 0.31745810622479E+00 0.73305031834166E-02 -.15170310201213E+01
 208 0.32529932144855E+00 0.78795510682955E-02 -.15164596462528E+01
 209 0.33333421468832E+00 0.84693097629709E-02 -.15158425227372E+01
 210 0.34156756979113E+00 0.91027446604349E-02 -.15151757322571E+01
 211 0.35000428876497E+00 0.97830302849732E-02 -.15144550150170E+01
 212 0.35864939469746E+00 0.10513564153618E-01 -.15136757397506E+01
 213 0.36750803474649E+00 0.11297981441135E-01 -.15128328725406E+01
 214 0.37658548320473E+00 0.12140170479877E-01 -.15119209433409E+01
 215 0.38588714463988E+00 0.13044289124918E-01 -.15109340100892E+01
 216 0.39541855711249E+00 0.14014782013513E-01 -.15098656203094E+01
 217 0.40518539547317E+00 0.15056398746218E-01 -.15087087701094E+01
 218 0.41519347474135E+00 0.16174213014662E-01 -.15074558604951E+01
 219 0.42544875356747E+00 0.17373642698208E-01 -.15060986509398E+01
 220 0.43595733778058E+00 0.18660470948267E-01 -.15046282101674E+01
 221 0.44672548402376E+00 0.20040868274982E-01 -.15030348641426E+01
 222 0.45775960347915E+00 0.21521415646170E-01 -.15013081412906E+01
 223 0.46906626568509E+00 0.23109128602884E-01 -.14994367150186E+01
 224 0.48065220244751E+00 0.24811482389621E-01 -.14974083436606E+01
 225 0.49252431184796E+00 0.26636438089989E-01 -.14952098080340E+01
 226 0.50468966235060E+00 0.28592469750735E-01 -.14928268468712E+01
 227 0.51715549701066E+00 0.30688592468141E-01 -.14902440904804E+01
 228 0.52992923778683E+00 0.32934391401295E-01 -.14874449930962E+01
 229 0.54301848996016E+00 0.35340051666427E-01 -.14844117645040E+01
 230 0.55643104666218E+00 0.37916389055675E-01 -.14811253016653E+01
 231 0.57017489351473E+00 0.40674881512462E-01 -.14775651212373E+01
 232 0.58425821338455E+00 0.43627701284306E-01 -.14737092940671E+01
 233 0.59868939125515E+00 0.46787747662797E-01 -.14695343829586E+01
 234 0.61347701921915E+00 0.50168680210045E-01 -.14650153852508E+01
 235 0.62862990159386E+00 0.53784952361721E-01 -.14601256820212E+01
 236 0.64415706016323E+00 0.57651845289568E-01 -.14548369960321E+01
 237 0.66006773954926E+00 0.61785501901862E-01 -.14491193608743E+01
 238 0.67637141271613E+00 0.66202960859773E-01 -.14429411041359E+01
 239 0.69307778661022E+00 0.70922190492184E-01 -.14362688478244E+01
 240 0.71019680793949E+00 0.75962122502781E-01 -.14290675297106E+01
 241 0.72773866909559E+00 0.81342685382774E-01 -.14213004497225E+01
 242 0.74571381422226E+00 0.87084837472498E-01 -.14129293460114E+01
 243 0.76413294543355E+00 0.93210599657545E-01 -.14039145058146E+01
 244 0.78300702918575E+00 0.99743087742362E-01 -.13942149167577E+01
 245 0.80234730280664E+00 0.10670654461917E+00 -.13837884647458E+01
 246 0.82216528118597E+00 0.11412637244523E+00 -.13725921850842E+01
 247 0.84247276363126E+00 0.12202916515992E+00 -.13605825739090E+01
 248 0.86328184089295E+00 0.13044274181706E+00 -.13477159673859E+01
 249 0.88460490236301E+00 0.13939618138051E+00 -.13339489964004E+01
 250 0.90645464345137E+00 0.14891985983373E+00 -.13192391245876E+01
 251 0.92884407314462E+00 0.15904549068752E+00 -.13035452774754E+01
 252 0.95178652175129E+00 0.16980617023559E+00 -.12868285701897E+01
 253 0.97529564883855E+00 0.18123642920126E+00 -.12690531405159E+01
 254 0.99938545136486E+00 0.19337229273798E+00 -.12501870930550E+01
 255 0.10240702720136E+01 0.20625135108285E+00 -.12302035586570E+01
 256 0.10493648077323E+01 0.21991284350557E+00 -.12090818711434E+01
 257 0.10752841184833E+01 0.23439775852858E+00 -.11868088604405E+01
 258 0.11018436362098E+01 0.24974895369642E+00 -.11633802574707E+01
 259 0.11290591740242E+01 0.26601129841402E+00 -.11388022013549E+01
 260 0.11569469356226E+01 0.28323184351856E+00 -.11130928334819E+01
 261 0.11855235249325E+01 0.30146002125170E+00 -.10862839555980E+01
 262 0.12148059559983E+01 0.32074787910300E+00 -.10584227200695E+01
 263 0.12448116631115E+01 0.34115035053628E+00 -.10295733096211E+01
 264 0.12755585111903E+01 0.36272556481309E+00 -.99981855092697E+00
 265 0.13070648064167E+01 0.38553519690969E+00 -.96926139118654E+00
 266 0.13393493071352E+01 0.40964485679784E+00 -.93802614902309E+00
 267 0.13724312350215E+01 0.43512451504083E+00 -.90625943054614E+00
 268 0.14063302865265E+01 0.46204895866883E+00 -.87413057817430E+00
 269 0.14410666446037E+01 0.49049826759378E+00 -.84183149400983E+00
 270 0.14766609907254E+01 0.52055829740139E+00 -.80957565177945E+00
 271 0.15131345171963E+01 0.55232114929351E+00 -.77759608285047E+00
 272 0.15505089397711E+01 0.58588560244477E+00 -.74614209489216E+00
 273 0.15888065105834E+01 0.62135747845899E+00 -.71547446028335E+00
 274 0.16280500313948E+01 0.65884990258807E+00 -.68585880168552E+00
 275 0.16682628671703E+01 0.69848342287221E+00 -.65755691411959E+00
 276 0.17094689599894E+01 0.74038594776826E+00 -.63081581115973E+00
 277 0.17516928433011E+01 0.78469246705921E+00 -.60585438903543E+00
 278 0.17949596565307E+01 0.83154453233105E+00 -.58284779713651E+00
 279 0.18392951600470E+01 0.88108949496126E+00 -.56190992906719E+00
 280 0.18847257505002E+01 0.93347953438562E+00 -.54307496236178E+00
 281 0.19312784765375E+01 0.98887055968306E+00 -.52627965311819E+00
 282 0.19789810549080E+01 0.10474211332001E+01 -.51134923257941E+00
 283 0.20278618869642E+01 0.11092916406996E+01 -.49799138225234E+00
 284 0.20779500755722E+01 0.11746440026927E+01 -.48580504375638E+00
 285 0.21292754424389E+01 0.12436422517982E+01 -.47431395790352E+00
 286 0.21818685458671E+01 0.13164542246419E+01 -.46303908196224E+00
 287 0.22357606989500E+01 0.13932543141144E+01 -.45162929022387E+00
 288 0.22909839882141E+01 0.14742264925401E+01 -.44007674236667E+00
 289 0.23475712927230E+01 0.15595656614023E+01 -.42880918337977E+00
 290 0.24055563036532E+01 0.00000000000000E+00 -.41793992835325E+00
 291 0.24649735443535E+01 0.00000000000000E+00 -.40743734789297E+00
 292 0.25258583908990E+01 0.00000000000000E+00 -.39727383440442E+00
 293 0.25882470931542E+01 0.00000000000000E+00 -.38742537530999E+00
 294 0.26521767963551E+01 0.00000000000000E+00 -.37787112277199E+00
 295 0.27176855632251E+01 0.00000000000000E+00 -.36859298030731E+00
 296 0.27848123966367E+01 0.00000000000000E+00 -.35957521898997E+00
 297 0.28535972628337E+01 0.00000000000000E+00 -.35080413009876E+00
 298 0.29240811152257E+01 0.00000000000000E+00 -.34226771688106E+00
 299 0.29963059187717E+01 0.00000000000000E+00 -.33395542527187E+00
 300 0.30703146749654E+01 0.00000000000000E+00 -.32585791161639E+00
 301 0.31461514474370E+01 0.00000000000000E+00 -.31796684441612E+00
 302 0.32238613881887E+01 0.00000000000000E+00 -.31027473662332E+00
 303 0.33034907644770E+01 0.00000000000000E+00 -.30277480487140E+00
 304 0.33850869863596E+01 0.00000000000000E+00 -.29546085211784E+00
 305 0.34686986349226E+01 0.00000000000000E+00 -.28832717040080E+00
 306 0.35543754912052E+01 0.00000000000000E+00 -.28136846070601E+00
 307 0.36421685658380E+01 0.00000000000000E+00 -.27457976726496E+00
 308 0.37321301294142E+01 0.00000000000000E+00 -.26795642393266E+00
 309 0.38243137436107E+01 0.00000000000000E+00 -.26149401060571E+00
 310 0.39187742930779E+01 0.00000000000000E+00 -.25518831793133E+00
 311 0.40155680181169E+01 0.00000000000000E+00 -.24903531881976E+00
 312 0.41147525481644E+01 0.00000000000000E+00 -.24303114550551E+00
 313 0.42163869361041E+01 0.00000000000000E+00 -.23717207110697E+00
 314 0.43205316934259E+01 0.00000000000000E+00 -.23145449481152E+00
 315 0.44272488262535E+01 0.00000000000000E+00 -.22587492996509E+00
 316 0.45366018722619E+01 0.00000000000000E+00 -.22042999447529E+00
 317 0.46486559385068E+01 0.00000000000000E+00 -.21511640304662E+00
 318 0.47634777401879E+01 0.00000000000000E+00 -.20993096085842E+00
 319 0.48811356403706E+01 0.00000000000000E+00 -.20487055837299E+00
 320 0.50016996906877E+01 0.00000000000000E+00 -.19993216702424E+00
 321 0.51252416730477E+01 0.00000000000000E+00 -.19511283558979E+00
 322 0.52518351423720E+01 0.00000000000000E+00 -.19040968709103E+00
 323 0.53815554703886E+01 0.00000000000000E+00 -.18581991610060E+00
 324 0.55144798905072E+01 0.00000000000000E+00 -.18134078636332E+00
 325 0.56506875438027E+01 0.00000000000000E+00 -.17696962865897E+00
 326 0.57902595261346E+01 0.00000000000000E+00 -.17270383885217E+00
 327 0.59332789364302E+01 0.00000000000000E+00 -.16854087608784E+00
 328 0.60798309261600E+01 0.00000000000000E+00 -.16447826110140E+00
 329 0.62300027500361E+01 0.00000000000000E+00 -.16051357462050E+00
 330 0.63838838179620E+01 0.00000000000000E+00 -.15664445584116E+00
 331 0.65415657482657E+01 0.00000000000000E+00 -.15286860096584E+00
 332 0.67031424222479E+01 0.00000000000000E+00 -.14918376179406E+00
 333 0.68687100400774E+01 0.00000000000000E+00 -.14558774435898E+00
 334 0.70383671780673E+01 0.00000000000000E+00 -.14207840760486E+00
 335 0.72122148473655E+01 0.00000000000000E+00 -.13865366210176E+00
 336 0.73903565540955E+01 0.00000000000000E+00 -.13531146879486E+00
 337 0.75728983609816E+01 0.00000000000000E+00 -.13204983778620E+00
 338 0.77599489504979E+01 0.00000000000000E+00 -.12886682714727E+00
 339 0.79516196895752E+01 0.00000000000000E+00 -.12576054176124E+00
 340 0.81480246959077E+01 0.00000000000000E+00 -.12272913219365E+00
 341 0.83492809058966E+01 0.00000000000000E+00 -.11977079359070E+00
 342 0.85555081442722E+01 0.00000000000000E+00 -.11688376460432E+00
 343 0.87668291954358E+01 0.00000000000000E+00 -.11406632634332E+00
 344 0.89833698765630E+01 0.00000000000000E+00 -.11131680134981E+00
 345 0.92052591125141E+01 0.00000000000000E+00 -.10863355260050E+00
 346 0.94326290125932E+01 0.00000000000000E+00 -.10601498253192E+00
 347 0.96656149492043E+01 0.00000000000000E+00 -.10345953208929E+00
 348 0.99043556384496E+01 0.00000000000000E+00 -.10096567979826E+00
 349 0.10148993222719E+02 0.00000000000000E+00 -.98531940859041E-01
 350 0.10399673355321E+02 0.00000000000000E+00 -.96156866262357E-01
 351 0.10656545287197E+02 0.00000000000000E+00 -.93839041926764E-01
 352 0.10919761955791E+02 0.00000000000000E+00 -.91577087856702E-01
 353 0.11189480076099E+02 0.00000000000000E+00 -.89369657320875E-01
 354 0.11465860233978E+02 0.00000000000000E+00 -.87215436050428E-01
 355 0.11749066981758E+02 0.00000000000000E+00 -.85113141456453E-01
 356 0.12039268936207E+02 0.00000000000000E+00 -.83061521866353E-01
 357 0.12336638878931E+02 0.00000000000000E+00 -.81059355778621E-01
 358 0.12641353859241E+02 0.00000000000000E+00 -.79105451135571E-01
 359 0.12953595299564E+02 0.00000000000000E+00 -.77198644613614E-01
 360 0.13273549103463E+02 0.00000000000000E+00 -.75337800930628E-01
 361 0.13601405766319E+02 0.00000000000000E+00 -.73521812170028E-01
 362 0.13937360488747E+02 0.00000000000000E+00 -.71749597121136E-01
 363 0.14281613292819E+02 0.00000000000000E+00 -.70020100635440E-01
 364 0.14634369141152E+02 0.00000000000000E+00 -.68332292998381E-01
 365 0.14995838058938E+02 0.00000000000000E+00 -.66685169316269E-01
 366 0.15366235258994E+02 0.00000000000000E+00 -.65077748917995E-01
 367 0.15745781269891E+02 0.00000000000000E+00 -.63509074771147E-01
 368 0.16134702067257E+02 0.00000000000000E+00 -.61978212912215E-01
 369 0.16533229208319E+02 0.00000000000000E+00 -.60484251890521E-01
 370 0.16941599969764E+02 0.00000000000000E+00 -.59026302225551E-01
 371 0.17360057489017E+02 0.00000000000000E+00 -.57603495877380E-01
 372 0.17788850908996E+02 0.00000000000000E+00 -.56214985729851E-01
 373 0.18228235526448E+02 0.00000000000000E+00 -.54859945086224E-01
 374 0.18678472943952E+02 0.00000000000000E+00 -.53537567176953E-01
 375 0.19139831225667E+02 0.00000000000000E+00 -.52247064679373E-01
 376 0.19612585056941E+02 0.00000000000000E+00 -.50987669248925E-01
 377 0.20097015907848E+02 0.00000000000000E+00 -.49758631061702E-01
 378 0.20593412200771E+02 0.00000000000000E+00 -.48559218368011E-01
 379 0.21102069482130E+02 0.00000000000000E+00 -.47388717056712E-01
 380 0.21623290598339E+02 0.00000000000000E+00 -.46246430230030E-01
 381 0.22157385876118E+02 0.00000000000000E+00 -.45131677788650E-01
 382 0.22704673307258E+02 0.00000000000000E+00 -.44043796026789E-01
 383 0.23265478737947E+02 0.00000000000000E+00 -.42982137237035E-01
 384 0.23840136062775E+02 0.00000000000000E+00 -.41946069324715E-01
 385 0.24428987423525E+02 0.00000000000000E+00 -.40934975431555E-01
 386 0.25032383412886E+02 0.00000000000000E+00 -.39948253568416E-01
 387 0.25650683283185E+02 0.00000000000000E+00 -.38985316256871E-01
 388 0.26284255160279E+02 0.00000000000000E+00 -.38045590179439E-01
 389 0.26933476262738E+02 0.00000000000000E+00 -.37128515838235E-01
 390 0.27598733126428E+02 0.00000000000000E+00 -.36233547221855E-01
 391 0.28280421834651E+02 0.00000000000000E+00 -.35360151480292E-01
 392 0.28978948253966E+02 0.00000000000000E+00 -.34507808607682E-01
 393 0.29694728275839E+02 0.00000000000000E+00 -.33676011132703E-01
 394 0.30428188064253E+02 0.00000000000000E+00 -.32864263816438E-01
 395 0.31179764309440E+02 0.00000000000000E+00 -.32072083357508E-01
 396 0.31949904487883E+02 0.00000000000000E+00 -.31298998104331E-01
 397 0.32739067128734E+02 0.00000000000000E+00 -.30544547774306E-01
 398 0.33547722086813E+02 0.00000000000000E+00 -.29808283179765E-01
 399 0.34376350822358E+02 0.00000000000000E+00 -.29089765960540E-01
 400 0.35225446687670E+02 0.00000000000000E+00 -.28388568322963E-01
 401 0.36095515220855E+02 0.00000000000000E+00 -.27704272785169E-01
 402 0.36987074446810E+02 0.00000000000000E+00 -.27036471928534E-01
 403 0.37900655185647E+02 0.00000000000000E+00 -.26384768155103E-01
 404 0.38836801368732E+02 0.00000000000000E+00 -.25748773450867E-01
 405 0.39796070362540E+02 0.00000000000000E+00 -.25128109154745E-01
 406 0.40779033300494E+02 0.00000000000000E+00 -.24522405733136E-01
 407 0.41786275423017E+02 0.00000000000000E+00 -.23931302559907E-01
 408 0.42818396425965E+02 0.00000000000000E+00 -.23354447701675E-01
 409 0.43876010817686E+02 0.00000000000000E+00 -.22791497708281E-01
 410 0.44959748284883E+02 0.00000000000000E+00 -.22242117408296E-01
 411 0.46070254067520E+02 0.00000000000000E+00 -.21705979709472E-01
 412 0.47208189342988E+02 0.00000000000000E+00 -.21182765403993E-01
 413 0.48374231619759E+02 0.00000000000000E+00 -.20672162978426E-01
 414 0.49569075140768E+02 0.00000000000000E+00 -.20173868428248E-01
 415 0.50793431296744E+02 0.00000000000000E+00 -.19687585076850E-01
 416 0.52048029049774E+02 0.00000000000000E+00 -.19213023398897E-01
 417 0.53333615367303E+02 0.00000000000000E+00 -.18749900847953E-01
 418 0.54650955666876E+02 0.00000000000000E+00 -.18297941688253E-01
 419 0.56000834271848E+02 0.00000000000000E+00 -.17856876830539E-01
 420 0.57384054878362E+02 0.00000000000000E+00 -.17426443671844E-01
 421 0.58801441033858E+02 0.00000000000000E+00 -.17006385939147E-01
 422 0.60253836627394E+02 0.00000000000000E+00 -.16596453536789E-01
 423 0.61742106392091E+02 0.00000000000000E+00 -.16196402397569E-01
 424 0.63267136419975E+02 0.00000000000000E+00 -.15805994337434E-01
 425 0.64829834689549E+02 0.00000000000000E+00 -.15424996913667E-01
 426 0.66431131606381E+02 0.00000000000000E+00 -.15053183286490E-01
 427 0.68071980557058E+02 0.00000000000000E+00 -.14690332084015E-01
 428 0.69753358476818E+02 0.00000000000000E+00 -.14336227270435E-01
 429 0.71476266431195E+02 0.00000000000000E+00 -.13990658017405E-01
 430 0.73241730212046E+02 0.00000000000000E+00 -.13653418578516E-01
 431 0.75050800948283E+02 0.00000000000000E+00 -.13324308166796E-01
 432 0.76904555731706E+02 0.00000000000000E+00 -.13003130835168E-01
 433 0.78804098258279E+02 0.00000000000000E+00 -.12689695359781E-01
